# Simulation data produced by HOMEO---the homeostat simulation program
# Data printed on: 2013-05-10 12:11:29.316084
# There were exactly 2 units in this simulation
Time,Environment,Environment-unisel,Agent,Agent-unisel,
0,-0.05762626,0.00000000,0.62063709,1.00000000,
1,-0.05675997,0.00000000,0.62673853,1.00000000,
2,-0.05664403,0.00000000,0.60489178,1.00000000,
3,-0.05583076,0.00000000,0.60931205,1.00000000,
4,-0.05497255,0.00000000,0.65511704,1.00000000,
5,-0.05446763,0.00000000,0.67129657,1.00000000,
6,-0.05329869,0.00000000,0.65734471,1.00000000,
7,-0.05177006,0.00000000,0.63782662,1.00000000,
8,-0.05012817,0.00000000,0.63340069,1.00000000,
9,-0.04824414,0.00000000,0.63353618,1.00000000,
10,-0.04616604,0.00000000,0.64899010,1.00000000,
11,-0.04354991,0.00000000,0.65363617,1.00000000,
12,-0.04105406,0.00000000,0.68518154,1.00000000,
13,-0.03819148,0.00000000,0.68384678,1.00000000,
14,-0.03548890,0.00000000,0.70846303,1.00000000,
15,-0.03231119,0.00000000,0.74495539,1.00000000,
16,-0.02888490,0.00000000,0.73017709,1.00000000,
17,-0.02524028,0.00000000,0.73884749,1.00000000,
18,-0.02139191,0.00000000,0.75747534,1.00000000,
19,-0.01758536,0.00000000,0.81204639,1.00000000,
20,-0.01350627,0.00000000,0.81128015,1.00000000,
21,-0.00910539,0.00000000,0.80481623,1.00000000,
22,-0.00457468,0.00000000,0.82897427,1.00000000,
23,0.00014763,0.00000000,0.82864778,1.00000000,
24,0.00508256,0.00000000,0.88250085,1.00000000,
25,0.01020607,0.00000000,0.88359272,1.00000000,
26,0.01555081,0.00000000,0.92335401,1.00000000,
27,0.02107183,0.00000000,0.93207039,1.00000000,
28,0.02677784,0.00000000,0.94982011,1.00000000,
29,0.03276118,0.00000000,0.93440877,1.00000000,
30,0.03885489,0.00000000,0.93281038,1.00000000,
31,0.04497954,0.00000000,0.96020771,1.00000000,
32,0.05127183,0.00000000,0.97040020,1.00000000,
33,0.05749245,0.00000000,0.95991965,1.00000000,
34,0.06432858,0.00000000,0.97436846,1.00000000,
35,0.07085054,0.00000000,0.98574445,1.00000000,
36,0.07836979,0.00000000,1.01379247,1.00000000,
37,0.08658273,0.00000000,1.00226858,1.00000000,
38,0.09372572,0.00000000,0.94395649,1.00000000,
39,0.10133382,0.00000000,0.99430601,1.00000000,
40,0.10957522,0.00000000,1.03339550,1.00000000,
41,0.11757119,0.00000000,1.04234353,1.00000000,
42,0.12488423,0.00000000,1.07061436,1.00000000,
43,0.13335539,0.00000000,1.03647831,1.00000000,
44,0.14274723,0.00000000,1.02508380,1.00000000,
45,0.14998862,0.00000000,1.00758700,1.00000000,
46,0.15986687,0.00000000,1.02840180,1.00000000,
47,0.16792911,0.00000000,1.08178369,1.00000000,
48,0.17603061,0.00000000,1.13084800,1.00000000,
49,0.18719992,0.00000000,1.14251976,1.00000000,
50,0.19731196,0.00000000,1.17256005,1.00000000,
51,0.20512826,0.00000000,1.24044839,1.00000000,
52,0.21635950,0.00000000,1.28011520,1.00000000,
53,0.22695520,0.00000000,1.29565143,1.00000000,
54,0.23927303,0.00000000,1.22957201,1.00000000,
55,0.25014475,0.00000000,1.27379995,1.00000000,
56,0.26005345,0.00000000,1.32474128,1.00000000,
57,0.27322170,0.00000000,1.44158549,1.00000000,
58,0.28450146,0.00000000,1.36041015,1.00000000,
59,0.29846107,0.00000000,1.31829440,1.00000000,
60,0.31014240,0.00000000,1.32598446,1.00000000,
61,0.32433915,0.00000000,1.34056686,1.00000000,
62,0.33793660,0.00000000,1.33542193,1.00000000,
63,0.34921043,0.00000000,1.39360316,1.00000000,
64,0.35973941,0.00000000,1.40041429,1.00000000,
65,0.37261942,0.00000000,1.36551056,1.00000000,
66,0.38193185,0.00000000,1.38332465,1.00000000,
67,0.39143726,0.00000000,1.38205696,1.00000000,
68,0.40295167,0.00000000,1.46675355,1.00000000,
69,0.41963473,0.00000000,1.47971225,1.00000000,
70,0.43338937,0.00000000,1.48649827,1.00000000,
71,0.44516801,0.00000000,1.56325605,1.00000000,
72,0.46045443,0.00000000,1.52932382,1.00000000,
73,0.47461642,0.00000000,1.53923805,1.00000000,
74,0.48782158,0.00000000,1.59239082,1.00000000,
75,0.50254864,0.00000000,1.65873404,1.00000000,
76,0.51439941,0.00000000,1.69554374,1.00000000,
77,0.53043983,0.00000000,1.69756621,1.00000000,
78,0.53777866,0.00000000,1.68164439,1.00000000,
79,0.55707359,0.00000000,1.66078562,1.00000000,
80,0.57338464,0.00000000,1.63216933,1.00000000,
81,0.58564082,0.00000000,1.64409875,1.00000000,
82,0.59381858,0.00000000,1.64579704,1.00000000,
83,0.61027111,0.00000000,1.65166339,1.00000000,
84,0.62511338,0.00000000,1.67801969,1.00000000,
85,0.64316570,0.00000000,1.70358449,1.00000000,
86,0.66135479,0.00000000,1.71597044,1.00000000,
87,0.67931865,0.00000000,1.75014165,1.00000000,
88,0.69453437,0.00000000,1.69059089,1.00000000,
89,0.70782931,0.00000000,1.70174782,1.00000000,
90,0.72204822,0.00000000,1.82696602,1.00000000,
91,0.73874269,0.00000000,1.77969731,1.00000000,
92,0.76263078,0.00000000,1.73881768,1.00000000,
93,0.77997809,0.00000000,1.66217093,1.00000000,
94,0.80093592,0.00000000,1.69593893,1.00000000,
95,0.81566093,0.00000000,1.63756982,1.00000000,
96,0.83845312,0.00000000,1.67598883,1.00000000,
97,0.85129793,0.00000000,1.70794871,1.00000000,
98,0.86119493,0.00000000,1.75543234,1.00000000,
99,0.87898167,0.00000000,1.81349289,1.00000000,
100,0.89644422,0.00000000,1.83916398,1.00000000,
101,0.92352658,0.00000000,1.79509046,1.00000000,
102,0.94440552,0.00000000,1.80022711,1.00000000,
103,0.96333793,0.00000000,1.71338978,1.00000000,
104,0.98063064,0.00000000,1.78501033,1.00000000,
105,1.00646899,0.00000000,1.75224741,1.00000000,
106,1.03325597,0.00000000,1.73440973,1.00000000,
107,1.05562948,0.00000000,1.71650030,1.00000000,
108,1.07550655,0.00000000,1.74083720,1.00000000,
109,1.09613843,0.00000000,1.69523916,1.00000000,
110,1.11800998,0.00000000,1.72768115,1.00000000,
111,1.13874566,0.00000000,1.74355294,1.00000000,
112,1.17025427,0.00000000,1.83037074,1.00000000,
113,1.18873604,0.00000000,1.78618921,1.00000000,
114,1.19711996,0.00000000,1.78523088,1.00000000,
115,1.22102734,0.00000000,1.89001488,1.00000000,
116,1.23501118,0.00000000,1.86825663,1.00000000,
117,1.25594517,0.00000000,1.92540015,1.00000000,
118,1.27504616,0.00000000,2.11281147,1.00000000,
119,1.29247904,0.00000000,2.24701490,1.00000000,
120,1.32224750,0.00000000,2.25626784,1.00000000,
121,1.34156216,0.00000000,2.30467022,1.00000000,
122,1.36452017,0.00000000,2.25763882,1.00000000,
123,1.38635601,0.00000000,2.43803974,1.00000000,
124,1.41000424,0.00000000,2.41113890,1.00000000,
125,1.44297188,0.00000000,2.48200934,1.00000000,
126,1.46009388,0.00000000,2.44117114,1.00000000,
127,1.49597963,0.00000000,2.62007323,1.00000000,
128,1.52577644,0.00000000,2.48807881,1.00000000,
129,1.54625243,0.00000000,2.56202771,1.00000000,
130,1.54966077,0.00000000,2.62446664,1.00000000,
131,1.55597380,0.00000000,2.61748055,1.00000000,
132,1.57756812,0.00000000,2.48524844,1.00000000,
133,1.59472064,0.00000000,2.54304900,1.00000000,
134,1.61856255,0.00000000,2.57236996,1.00000000,
135,1.64100063,0.00000000,2.62167576,1.00000000,
136,1.66333592,0.00000000,2.79390090,1.00000000,
137,1.69111739,0.00000000,2.79627057,1.00000000,
138,1.71420224,0.00000000,2.93042188,1.00000000,
139,1.74864207,0.00000000,2.98898486,1.00000000,
140,1.77392732,0.00000000,2.95869771,1.00000000,
141,1.81210460,0.00000000,2.97927749,1.00000000,
142,1.81677110,0.00000000,3.15627010,1.00000000,
143,1.85509261,0.00000000,3.06353125,1.00000000,
144,1.88127114,0.00000000,3.21191350,1.00000000,
145,1.88593698,0.00000000,3.16030735,1.00000000,
146,1.91544754,0.00000000,3.28160737,1.00000000,
147,1.93179662,0.00000000,3.29270857,1.00000000,
148,1.97035607,0.00000000,3.32871706,1.00000000,
149,1.99194977,0.00000000,3.35874711,1.00000000,
150,2.01465324,0.00000000,3.39031011,1.00000000,
151,2.06303062,0.00000000,3.39850883,1.00000000,
152,2.06926551,0.00000000,3.46560745,1.00000000,
153,2.08579592,0.00000000,3.62230242,1.00000000,
154,2.11497016,0.00000000,3.71437689,1.00000000,
155,2.14450622,0.00000000,3.73624650,1.00000000,
156,2.17419249,0.00000000,3.77507216,1.00000000,
157,2.18668939,0.00000000,3.93136747,1.00000000,
158,2.23371061,0.00000000,4.08971962,1.00000000,
159,2.23724967,0.00000000,4.34427474,1.00000000,
160,2.25696214,0.00000000,4.38771521,1.00000000,
161,2.26602133,0.00000000,4.57938690,1.00000000,
162,2.27761521,0.00000000,4.44526726,1.00000000,
163,2.31179425,0.00000000,4.40436027,1.00000000,
164,2.36190268,0.00000000,4.32205696,1.00000000,
165,2.38103175,0.00000000,4.39546881,1.00000000,
166,2.39245582,0.00000000,4.47529485,1.00000000,
167,2.39817972,0.00000000,4.61482980,1.00000000,
168,2.41866495,0.00000000,4.60669954,1.00000000,
169,2.45658158,0.00000000,4.50229208,1.00000000,
170,2.49107828,0.00000000,4.53354476,1.00000000,
171,2.50920634,0.00000000,4.63769388,1.00000000,
172,2.53713069,0.00000000,4.57344856,1.00000000,
173,2.57775500,0.00000000,4.35543593,1.00000000,
174,2.57192836,0.00000000,4.32007259,1.00000000,
175,2.56016884,0.00000000,4.37713742,1.00000000,
176,2.57973229,0.00000000,4.28546997,1.00000000,
177,2.58468994,0.00000000,4.14442906,1.00000000,
178,2.63196234,0.00000000,4.15059449,1.00000000,
179,2.64043265,0.00000000,4.15917870,1.00000000,
180,2.65910597,0.00000000,4.35432703,1.00000000,
181,2.68173311,0.00000000,4.29031342,1.00000000,
182,2.69314095,0.00000000,4.33883676,1.00000000,
183,2.71173326,0.00000000,4.69512054,1.00000000,
184,2.73569600,0.00000000,4.93100437,1.00000000,
185,2.74532949,0.00000000,5.10286994,1.00000000,
186,2.80663102,0.00000000,5.19345613,1.00000000,
187,2.87972105,0.00000000,5.24651769,1.00000000,
188,2.92355803,0.00000000,5.46585801,1.00000000,
189,2.93527453,0.00000000,5.37876493,1.00000000,
190,2.94199434,0.00000000,5.48178662,1.00000000,
191,2.98450155,0.00000000,5.74643149,1.00000000,
192,2.99488888,0.00000000,6.11377255,1.00000000,
193,3.03605127,0.00000000,6.13345421,1.00000000,
194,3.05967739,0.00000000,6.36206737,1.00000000,
195,3.07638426,0.00000000,6.19386874,1.00000000,
196,3.09408263,0.00000000,6.38152366,1.00000000,
197,3.15396717,0.00000000,6.61010117,1.00000000,
198,3.17425362,0.00000000,6.75198955,1.00000000,
199,3.21667432,0.00000000,6.71338172,1.00000000,
200,3.25518294,0.00000000,6.69329653,1.00000000,
201,3.25406210,0.00000000,6.74234692,1.00000000,
202,3.31742652,0.00000000,6.98355152,1.00000000,
203,3.32166715,0.00000000,6.73304655,1.00000000,
204,3.33524744,0.00000000,6.84144177,1.00000000,
205,3.38591610,0.00000000,7.09132865,1.00000000,
206,3.44104723,0.00000000,7.21215381,1.00000000,
207,3.46365525,0.00000000,7.20456892,1.00000000,
208,3.48289625,0.00000000,7.44518164,1.00000000,
209,3.52244659,0.00000000,7.15279733,1.00000000,
210,3.54882752,0.00000000,7.27750119,1.00000000,
211,3.57134528,0.00000000,7.30864897,1.00000000,
212,3.58038046,0.00000000,7.25098136,1.00000000,
213,3.59131516,0.00000000,7.60888313,1.00000000,
214,3.62083502,0.00000000,7.66071824,1.00000000,
215,3.67122486,0.00000000,7.61036084,1.00000000,
216,3.69411127,0.00000000,7.90873442,1.00000000,
217,3.69662900,0.00000000,8.13970127,1.00000000,
218,3.73015745,0.00000000,8.05885040,1.00000000,
219,3.75273525,0.00000000,7.72168014,1.00000000,
220,3.77657825,0.00000000,7.94564923,1.00000000,
221,3.82529656,0.00000000,8.22764387,1.00000000,
222,3.86154965,0.00000000,8.24420718,1.00000000,
223,3.91094347,0.00000000,8.08432155,1.00000000,
224,3.90606125,0.00000000,7.70727105,1.00000000,
225,3.95215564,0.00000000,7.57109729,1.00000000,
226,3.96884771,0.00000000,7.35281108,1.00000000,
227,4.02108009,0.00000000,7.14327772,1.00000000,
228,4.03096043,0.00000000,7.09729812,1.00000000,
229,4.04646054,0.00000000,7.25889834,1.00000000,
230,4.07211399,0.00000000,7.69557398,1.00000000,
231,4.08957876,0.00000000,7.75018077,1.00000000,
232,4.12351257,0.00000000,7.79340136,1.00000000,
233,4.16021643,0.00000000,8.00158068,1.00000000,
234,4.20906894,0.00000000,8.07300041,1.00000000,
235,4.26128287,0.00000000,8.04860967,1.00000000,
236,4.29425076,0.00000000,7.87185672,1.00000000,
237,4.34011786,0.00000000,7.87769874,1.00000000,
238,4.37191576,0.00000000,7.49475052,1.00000000,
239,4.39000510,0.00000000,7.43535585,1.00000000,
240,4.44561238,0.00000000,7.35573052,1.00000000,
241,4.46113880,0.00000000,7.65090858,1.00000000,
242,4.51906013,0.00000000,7.43605396,1.00000000,
243,4.54408235,0.00000000,7.59910953,1.00000000,
244,4.60394233,0.00000000,7.86626580,1.00000000,
245,4.61780362,0.00000000,7.87012767,1.00000000,
246,4.63068576,0.00000000,8.11185113,1.00000000,
247,4.62151636,0.00000000,8.16772117,1.00000000,
248,4.67133513,0.00000000,8.30233448,1.00000000,
249,4.74424735,0.00000000,8.26178470,1.00000000,
250,4.82452735,0.00000000,8.34194000,1.00000000,
251,4.84976766,0.00000000,8.42054090,1.00000000,
252,4.84857021,0.00000000,8.62190494,1.00000000,
253,4.86916592,0.00000000,8.55283204,1.00000000,
254,4.92913280,0.00000000,8.48741793,1.00000000,
255,4.94633762,0.00000000,8.55223692,1.00000000,
256,4.97177232,0.00000000,8.90997566,1.00000000,
257,5.01608032,0.00000000,9.07024059,1.00000000,
258,5.02440235,0.00000000,9.00881043,1.00000000,
259,5.03976291,0.00000000,9.15740884,1.00000000,
260,5.08322549,0.00000000,9.23880653,1.00000000,
261,5.12295246,0.00000000,9.60610999,1.00000000,
262,5.11706953,0.00000000,9.50758830,1.00000000,
263,5.16707733,0.00000000,9.00875362,1.00000000,
264,5.23310749,0.00000000,9.22123548,1.00000000,
265,5.23757618,0.00000000,9.00737332,1.00000000,
266,5.26976680,0.00000000,8.98838629,1.00000000,
267,5.27435762,0.00000000,8.89428024,1.00000000,
268,5.32856738,0.00000000,8.68655279,1.00000000,
269,5.27028083,0.00000000,8.44307462,1.00000000,
270,5.33324539,0.00000000,8.53978749,1.00000000,
271,5.32512897,0.00000000,8.64167394,1.00000000,
272,5.36034206,0.00000000,9.20961663,1.00000000,
273,5.44118997,0.00000000,9.71260220,1.00000000,
274,5.49182677,0.00000000,9.79050970,1.00000000,
275,5.49534106,0.00000000,9.86078257,1.00000000,
276,5.56310972,0.00000000,9.60440960,1.00000000,
277,5.54282857,0.00000000,9.34995963,1.00000000,
278,5.58654731,0.00000000,9.57378561,1.00000000,
279,5.63052321,0.00000000,9.98109306,1.00000000,
280,5.68613886,0.00000000,9.78305635,1.00000000,
281,5.67791519,0.00000000,9.67666717,1.00000000,
282,5.77870366,0.00000000,9.85623224,1.00000000,
283,5.83845986,0.00000000,10.00000000,1.00000000,
284,5.92126142,0.00000000,9.70340313,1.00000000,
285,5.93114065,0.00000000,9.94017581,1.00000000,
286,5.95815646,0.00000000,10.00000000,1.00000000,
287,5.95072236,0.00000000,9.32739851,1.00000000,
288,5.98384810,0.00000000,8.63908225,1.00000000,
289,6.00406641,0.00000000,7.92981261,1.00000000,
290,6.02480461,0.00000000,7.62813336,1.00000000,
291,6.01322242,0.00000000,7.11221841,1.00000000,
292,6.10412434,0.00000000,6.67327536,1.00000000,
293,6.13727487,0.00000000,6.37804250,1.00000000,
294,6.16412092,0.00000000,5.55395398,1.00000000,
295,6.18248307,0.00000000,4.94063936,1.00000000,
296,6.23093664,0.00000000,4.15976773,1.00000000,
297,6.22448245,0.00000000,3.67659567,1.00000000,
298,6.20960768,0.00000000,3.20052226,1.00000000,
299,6.21175513,0.00000000,2.45327290,1.00000000,
300,6.24756620,0.00000000,1.97493589,1.00000000,
301,6.28800971,0.00000000,1.43977601,1.00000000,
302,6.28524118,0.00000000,0.82214673,1.00000000,
303,6.32480114,0.00000000,0.22166313,1.00000000,
304,6.38569734,0.00000000,-0.37923889,1.00000000,
305,6.37213135,0.00000000,-0.98565260,1.00000000,
306,6.34488316,0.00000000,-1.58395518,1.00000000,
307,6.37759041,0.00000000,-2.17310468,1.00000000,
308,6.46169495,0.00000000,-2.79173392,1.00000000,
309,6.51159272,0.00000000,-3.35838600,1.00000000,
310,6.57669035,0.00000000,-4.00461439,1.00000000,
311,6.64675871,0.00000000,-4.51190406,1.00000000,
312,6.66456991,0.00000000,-5.11284695,1.00000000,
313,6.72078113,0.00000000,-5.44149043,1.00000000,
314,6.78542529,0.00000000,-5.84798343,1.00000000,
315,6.83518573,0.00000000,-6.19469276,1.00000000,
316,6.86813856,0.00000000,-6.82600353,1.00000000,
317,6.88584077,0.00000000,-7.30941939,1.00000000,
318,6.95020824,0.00000000,-7.85813800,1.00000000,
319,7.00394555,0.00000000,-8.74831365,1.00000000,
320,6.95479819,0.00000000,-9.46026879,1.00000000,
321,6.96353775,0.00000000,-10.00000000,1.00000000,
322,7.05144384,0.00000000,-9.50108656,1.00000000,
323,7.09337205,0.00000000,-9.16150914,1.00000000,
324,7.19552010,0.00000000,-8.95213359,1.00000000,
325,7.20496057,0.00000000,-9.03509088,1.00000000,
326,7.25082995,0.00000000,-8.45178550,1.00000000,
327,7.23157028,0.00000000,-8.10143921,1.00000000,
328,7.29391252,0.00000000,-7.71469147,1.00000000,
329,7.32136072,0.00000000,-7.10343798,1.00000000,
330,7.35363443,0.00000000,-6.62789243,1.00000000,
331,7.37542298,0.00000000,-6.42595366,1.00000000,
332,7.45924419,0.00000000,-6.24274454,1.00000000,
333,7.54116064,0.00000000,-5.94527217,1.00000000,
334,7.54346494,0.00000000,-5.61940820,1.00000000,
335,7.60563347,0.00000000,-5.34430498,1.00000000,
336,7.62678261,0.00000000,-4.97017532,1.00000000,
337,7.65708803,0.00000000,-4.82769127,1.00000000,
338,7.71120102,0.00000000,-4.28541697,1.00000000,
339,7.78175610,0.00000000,-3.93672698,1.00000000,
340,7.75236379,0.00000000,-3.66054405,1.00000000,
341,7.77263836,0.00000000,-3.31659249,1.00000000,
342,7.83989703,0.00000000,-3.04633186,1.00000000,
343,7.85093443,0.00000000,-2.74297919,1.00000000,
344,7.91264713,0.00000000,-2.37287456,1.00000000,
345,7.95772657,0.00000000,-2.02108155,1.00000000,
346,8.10292289,0.00000000,-1.78165151,1.00000000,
347,8.14163593,0.00000000,-1.44530274,1.00000000,
348,8.19245887,0.00000000,-1.19479831,1.00000000,
349,8.20393806,0.00000000,-0.83357938,1.00000000,
350,8.29254732,0.00000000,-0.55122604,1.00000000,
351,8.38282088,0.00000000,-0.23380508,1.00000000,
352,8.44191158,0.00000000,0.07334718,1.00000000,
353,8.47759639,0.00000000,0.36683823,1.00000000,
354,8.50043437,0.00000000,0.64331391,1.00000000,
355,8.49716782,0.00000000,0.92387860,1.00000000,
356,8.46775975,0.00000000,1.24421390,1.00000000,
357,8.48537530,0.00000000,1.59286131,1.00000000,
358,8.50168149,0.00000000,1.85277326,1.00000000,
359,8.58010238,0.00000000,2.07558230,1.00000000,
360,8.59106609,0.00000000,2.40219804,1.00000000,
361,8.62450669,0.00000000,2.57858311,1.00000000,
362,8.57392447,0.00000000,3.04919688,1.00000000,
363,8.63161770,0.00000000,3.38519211,1.00000000,
364,8.75670566,0.00000000,3.60815899,1.00000000,
365,8.79603959,0.00000000,3.67415054,1.00000000,
366,8.88311882,0.00000000,3.86412767,1.00000000,
367,8.83926007,0.00000000,4.43522779,1.00000000,
368,8.85166611,0.00000000,4.42848386,1.00000000,
369,8.91816363,0.00000000,4.88454304,1.00000000,
370,8.96192217,0.00000000,5.09796842,1.00000000,
371,9.01117539,0.00000000,5.66080652,1.00000000,
372,9.02885475,0.00000000,6.00962428,1.00000000,
373,8.97769820,0.00000000,6.07153029,1.00000000,
374,9.02431753,0.00000000,6.28644629,1.00000000,
375,9.11539900,0.00000000,6.93302120,1.00000000,
376,9.12679902,0.00000000,7.00778725,1.00000000,
377,9.11825923,0.00000000,7.19472573,1.00000000,
378,9.10778992,0.00000000,7.65400220,1.00000000,
379,9.08001723,0.00000000,7.39572264,1.00000000,
380,9.13363427,0.00000000,7.73339159,1.00000000,
381,9.16488920,0.00000000,7.71458170,1.00000000,
382,9.24964070,0.00000000,8.02487300,1.00000000,
383,9.28553087,0.00000000,7.71743529,1.00000000,
384,9.39834184,0.00000000,7.91007087,1.00000000,
385,9.47174745,0.00000000,7.87946946,1.00000000,
386,9.51877888,0.00000000,8.05229897,1.00000000,
387,9.56245247,0.00000000,8.24988134,1.00000000,
388,9.46862947,0.00000000,8.10276388,1.00000000,
389,9.47093543,0.00000000,8.34830285,1.00000000,
390,9.47643469,0.00000000,8.44924501,1.00000000,
391,9.57086386,0.00000000,8.62466626,1.00000000,
392,9.60320729,0.00000000,8.79062620,1.00000000,
393,9.59998647,0.00000000,9.14110746,1.00000000,
394,9.59853900,0.00000000,9.37821002,1.00000000,
395,9.67483574,0.00000000,9.69851718,1.00000000,
396,9.79754541,0.00000000,10.00000000,1.00000000,
397,9.88060031,0.00000000,9.72234768,1.00000000,
398,9.87567534,0.00000000,8.98404432,1.00000000,
399,9.98038753,0.00000000,8.42657134,1.00000000,
400,9.95970909,0.00000000,8.03655351,1.00000000,
401,9.93724297,0.00000000,8.05288056,1.00000000,
402,9.92434008,0.00000000,7.37878446,1.00000000,
403,9.92033416,0.00000000,6.84293830,1.00000000,
404,10.00000000,0.00000000,6.31598537,1.00000000,
405,9.92129805,0.00000000,5.53865466,1.00000000,
406,9.79861726,0.00000000,5.25774413,1.00000000,
407,9.68066079,0.00000000,4.98629053,1.00000000,
408,9.66987787,0.00000000,4.54120497,1.00000000,
409,9.59083856,0.00000000,4.20406635,1.00000000,
410,9.44159173,0.00000000,3.91466609,1.00000000,
411,9.37739759,0.00000000,3.49091034,1.00000000,
412,9.28508619,0.00000000,2.86308109,1.00000000,
413,9.24308237,0.00000000,2.35331933,1.00000000,
414,9.11856345,0.00000000,1.93253936,1.00000000,
415,9.04645333,0.00000000,1.53710541,1.00000000,
416,8.99826913,0.00000000,1.12432943,1.00000000,
417,8.87584439,0.00000000,0.70411414,1.00000000,
418,8.80121856,0.00000000,0.29428879,1.00000000,
419,8.66862421,0.00000000,-0.12925616,1.00000000,
420,8.46679982,0.00000000,-0.53743892,1.00000000,
421,8.41157942,0.00000000,-0.96677965,1.00000000,
422,8.38374227,0.00000000,-1.35233344,1.00000000,
423,8.27045085,0.00000000,-1.78705281,1.00000000,
424,8.19547885,0.00000000,-2.26331156,1.00000000,
425,8.08793052,0.00000000,-2.59225923,1.00000000,
426,8.05966496,0.00000000,-2.93267975,1.00000000,
427,7.97624738,0.00000000,-3.24466074,1.00000000,
428,7.85837641,0.00000000,-3.78786472,1.00000000,
429,7.76121708,0.00000000,-4.05268524,1.00000000,
430,7.67142416,0.00000000,-4.37819644,1.00000000,
431,7.59364238,0.00000000,-4.98902934,1.00000000,
432,7.49288203,0.00000000,-5.26823890,1.00000000,
433,7.38093207,0.00000000,-5.53474850,1.00000000,
434,7.31554276,0.00000000,-5.95714533,1.00000000,
435,7.24200979,0.00000000,-6.24691808,1.00000000,
436,7.14836959,0.00000000,-6.30061279,1.00000000,
437,7.05420479,0.00000000,-6.82471762,1.00000000,
438,6.97579909,0.00000000,-7.20205249,1.00000000,
439,6.89288349,0.00000000,-7.86632037,1.00000000,
440,6.84664322,0.00000000,-8.28175446,1.00000000,
441,6.75734061,0.00000000,-8.10936152,1.00000000,
442,6.69838528,0.00000000,-8.22336401,1.00000000,
443,6.71879372,0.00000000,-8.46983277,1.00000000,
444,6.67038282,0.00000000,-8.63800273,1.00000000,
445,6.58805784,0.00000000,-8.86203217,1.00000000,
446,6.51296841,0.00000000,-9.22481859,1.00000000,
447,6.42132697,0.00000000,-9.58577963,1.00000000,
448,6.35598347,0.00000000,-9.85690553,1.00000000,
449,6.32303069,0.00000000,-10.00000000,1.00000000,
450,6.24443321,0.00000000,-10.00000000,1.00000000,
451,6.25182192,0.00000000,-9.44222913,1.00000000,
452,6.17498017,0.00000000,-9.14448140,1.00000000,
453,6.10151525,0.00000000,-9.18301063,1.00000000,
454,6.05948872,0.00000000,-8.67061432,1.00000000,
455,5.95062733,0.00000000,-8.52249629,1.00000000,
456,5.89689095,0.00000000,-8.44752134,1.00000000,
457,5.78721660,0.00000000,-8.28397135,1.00000000,
458,5.74427537,0.00000000,-8.67079738,1.00000000,
459,5.66019868,0.00000000,-8.00976919,1.00000000,
460,5.63888331,0.00000000,-8.20284474,1.00000000,
461,5.57616293,0.00000000,-7.88246965,1.00000000,
462,5.52740448,0.00000000,-7.43302406,1.00000000,
463,5.49062702,0.00000000,-7.33987375,1.00000000,
464,5.42792297,0.00000000,-7.22472336,1.00000000,
465,5.38093917,0.00000000,-6.79510447,1.00000000,
466,5.29171375,0.00000000,-6.43571858,1.00000000,
467,5.27546028,0.00000000,-6.13157255,1.00000000,
468,5.24886188,0.00000000,-6.08710972,1.00000000,
469,5.17944903,0.00000000,-5.81448219,1.00000000,
470,5.11274525,0.00000000,-5.61495952,1.00000000,
471,5.03089399,0.00000000,-5.60601864,1.00000000,
472,5.00069872,0.00000000,-5.50448979,1.00000000,
473,4.93571454,0.00000000,-5.47895560,1.00000000,
474,4.91613137,0.00000000,-5.67956394,1.00000000,
475,4.88661289,0.00000000,-5.30299041,1.00000000,
476,4.83176959,0.00000000,-5.11054053,1.00000000,
477,4.77480494,0.00000000,-5.12881706,1.00000000,
478,4.77281143,0.00000000,-5.07627557,1.00000000,
479,4.69207160,0.00000000,-4.92752594,1.00000000,
480,4.67299013,0.00000000,-5.09627734,1.00000000,
481,4.64895493,0.00000000,-4.86430117,1.00000000,
482,4.59136576,0.00000000,-4.60978694,1.00000000,
483,4.54143725,0.00000000,-4.55962180,1.00000000,
484,4.45637106,0.00000000,-4.64076681,1.00000000,
485,4.41904567,0.00000000,-4.64397795,1.00000000,
486,4.39293355,0.00000000,-4.47445831,1.00000000,
487,4.40679390,0.00000000,-4.38015556,1.00000000,
488,4.34093795,0.00000000,-4.22200692,1.00000000,
489,4.30026520,0.00000000,-4.08425654,1.00000000,
490,4.27963310,0.00000000,-3.82005856,1.00000000,
491,4.25156432,0.00000000,-3.95250437,1.00000000,
492,4.21244423,0.00000000,-3.78522317,1.00000000,
493,4.13822156,0.00000000,-3.73371159,1.00000000,
494,4.08519675,0.00000000,-3.46359744,1.00000000,
495,4.07449957,0.00000000,-3.24410855,1.00000000,
496,4.03870346,0.00000000,-3.27757190,1.00000000,
497,3.97995802,0.00000000,-3.15830135,1.00000000,
498,3.95113748,0.00000000,-3.10032388,1.00000000,
499,3.93644496,0.00000000,-2.81978326,1.00000000,
500,3.90100747,0.00000000,-2.67678237,1.00000000,
501,3.87695805,0.00000000,-2.49282399,1.00000000,
502,3.80335934,0.00000000,-2.23220253,1.00000000,
503,3.76860717,0.00000000,-2.10113415,1.00000000,
504,3.73029962,0.00000000,-2.03299746,1.00000000,
505,3.70917709,0.00000000,-1.94045794,1.00000000,
506,3.68307690,0.00000000,-1.86615237,1.00000000,
507,3.61626679,0.00000000,-1.78140254,1.00000000,
508,3.56501225,0.00000000,-1.66073866,1.00000000,
509,3.54464421,0.00000000,-1.48597337,1.00000000,
510,3.51647666,0.00000000,-1.38884651,1.00000000,
511,3.50527554,0.00000000,-1.35668230,1.00000000,
512,3.42643182,0.00000000,-1.19115455,1.00000000,
513,3.39550018,0.00000000,-1.02773155,1.00000000,
514,3.38790110,0.00000000,-0.91981774,1.00000000,
515,3.33480151,0.00000000,-0.81751882,1.00000000,
516,3.30135389,0.00000000,-0.66796128,1.00000000,
517,3.22990311,0.00000000,-0.57714244,1.00000000,
518,3.18587584,0.00000000,-0.47256617,1.00000000,
519,3.16140168,0.00000000,-0.35461921,1.00000000,
520,3.11778591,0.00000000,-0.24206869,1.00000000,
521,3.08911498,0.00000000,-0.13298712,1.00000000,
522,3.06559257,0.00000000,-0.03125234,1.00000000,
523,3.04224089,0.00000000,0.07716705,1.00000000,
524,3.02536742,0.00000000,0.18380935,1.00000000,
525,3.02969141,0.00000000,0.28658935,1.00000000,
526,3.00651924,0.00000000,0.40057041,1.00000000,
527,2.99387245,0.00000000,0.51435934,1.00000000,
528,2.95352758,0.00000000,0.60969141,1.00000000,
529,2.90842985,0.00000000,0.73904375,1.00000000,
530,2.87601648,0.00000000,0.80132305,1.00000000,
531,2.87025580,0.00000000,0.91115835,1.00000000,
532,2.84263950,0.00000000,1.04076194,1.00000000,
533,2.81585393,0.00000000,1.13660123,1.00000000,
534,2.79465893,0.00000000,1.28986691,1.00000000,
535,2.77024150,0.00000000,1.38247957,1.00000000,
536,2.75706841,0.00000000,1.57289702,1.00000000,
537,2.70378284,0.00000000,1.63578047,1.00000000,
538,2.69220918,0.00000000,1.76248369,1.00000000,
539,2.68166163,0.00000000,1.88077556,1.00000000,
540,2.65930823,0.00000000,1.89085385,1.00000000,
541,2.62615152,0.00000000,1.93451039,1.00000000,
542,2.61659329,0.00000000,1.91369389,1.00000000,
543,2.58458712,0.00000000,1.95330622,1.00000000,
544,2.57040500,0.00000000,2.09287596,1.00000000,
545,2.55332974,0.00000000,2.30409276,1.00000000,
546,2.51987249,0.00000000,2.45547450,1.00000000,
547,2.49660380,0.00000000,2.50762068,1.00000000,
548,2.49604821,0.00000000,2.55492417,1.00000000,
549,2.47977151,0.00000000,2.72615274,1.00000000,
550,2.44191325,0.00000000,2.74060311,1.00000000,
551,2.41296497,0.00000000,2.99117222,1.00000000,
552,2.39888558,0.00000000,2.97451845,1.00000000,
553,2.35647639,0.00000000,3.00699862,1.00000000,
554,2.33357909,0.00000000,3.17687160,1.00000000,
555,2.30466764,0.00000000,3.31363762,1.00000000,
556,2.28968360,0.00000000,3.41084058,1.00000000,
557,2.26567287,0.00000000,3.48288779,1.00000000,
558,2.24359396,0.00000000,3.67259815,1.00000000,
559,2.23037410,0.00000000,3.68951642,1.00000000,
560,2.21314594,0.00000000,3.76671538,1.00000000,
561,2.19992002,0.00000000,3.82382274,1.00000000,
562,2.20701634,0.00000000,3.79225259,1.00000000,
563,2.18796598,0.00000000,3.78418144,1.00000000,
564,2.15512194,0.00000000,4.04902461,1.00000000,
565,2.10970718,0.00000000,4.35252298,1.00000000,
566,2.09305136,0.00000000,4.57606338,1.00000000,
567,2.07499193,0.00000000,4.91602769,1.00000000,
568,2.06577121,0.00000000,5.26548007,1.00000000,
569,2.05145155,0.00000000,5.22538725,1.00000000,
570,2.05940701,0.00000000,5.22573558,1.00000000,
571,2.05524045,0.00000000,5.16918288,1.00000000,
572,2.03297861,0.00000000,4.88761535,1.00000000,
573,2.01175969,0.00000000,4.96262923,1.00000000,
574,2.01979944,0.00000000,4.90834740,1.00000000,
575,1.99583727,0.00000000,4.87071746,1.00000000,
576,1.98920364,0.00000000,4.78561704,1.00000000,
577,1.98190612,0.00000000,4.94954216,1.00000000,
578,1.98359945,0.00000000,5.02688612,1.00000000,
579,1.96837279,0.00000000,5.15339120,1.00000000,
580,1.95410851,0.00000000,5.15988372,1.00000000,
581,1.95816760,0.00000000,5.32322416,1.00000000,
582,1.96697467,0.00000000,5.70203511,1.00000000,
583,1.97189749,0.00000000,5.74189075,1.00000000,
584,1.97485416,0.00000000,5.71139645,1.00000000,
585,1.96384226,0.00000000,5.73081637,1.00000000,
586,1.95855838,0.00000000,5.79763509,1.00000000,
587,1.95827180,0.00000000,5.94673705,1.00000000,
588,1.95169464,0.00000000,5.97853827,1.00000000,
589,1.94211174,0.00000000,5.52165681,1.00000000,
590,1.93441673,0.00000000,5.65205556,1.00000000,
591,1.91719316,0.00000000,5.92490984,1.00000000,
592,1.92215470,0.00000000,5.89228771,1.00000000,
593,1.92726667,0.00000000,5.99015729,1.00000000,
594,1.94005122,0.00000000,6.39509851,1.00000000,
595,1.92857854,0.00000000,6.17633441,1.00000000,
596,1.91659973,0.00000000,6.45703321,1.00000000,
597,1.92619484,0.00000000,6.48618744,1.00000000,
598,1.90359301,0.00000000,6.62324366,1.00000000,
599,1.87586318,0.00000000,6.60184920,1.00000000,
600,1.87409790,0.00000000,6.78231083,1.00000000,
601,1.86281795,0.00000000,6.98769924,1.00000000,
602,1.86761028,0.00000000,6.65320938,1.00000000,
603,1.87328551,0.00000000,6.69311697,1.00000000,
604,1.87097038,0.00000000,6.72673269,1.00000000,
605,1.86428026,0.00000000,6.59046510,1.00000000,
606,1.85303177,0.00000000,6.50196088,1.00000000,
607,1.86864859,0.00000000,6.54972466,1.00000000,
608,1.85337910,0.00000000,6.60911376,1.00000000,
609,1.87584289,0.00000000,6.39678333,1.00000000,
610,1.88432844,0.00000000,6.44482110,1.00000000,
611,1.89676316,0.00000000,6.57224183,1.00000000,
612,1.90396340,0.00000000,6.59186622,1.00000000,
613,1.90458765,0.00000000,6.51637989,1.00000000,
614,1.90196702,0.00000000,6.48405007,1.00000000,
615,1.90273778,0.00000000,6.41737153,1.00000000,
616,1.90479666,0.00000000,6.64874367,1.00000000,
617,1.89313090,0.00000000,6.69391849,1.00000000,
618,1.88891833,0.00000000,6.49526019,1.00000000,
619,1.88905317,0.00000000,6.77569783,1.00000000,
620,1.89515459,0.00000000,6.85225660,1.00000000,
621,1.89973529,0.00000000,7.08078642,1.00000000,
622,1.89612398,0.00000000,6.82219831,1.00000000,
623,1.89884026,0.00000000,7.20568731,1.00000000,
624,1.89657252,0.00000000,7.38599920,1.00000000,
625,1.90133335,0.00000000,7.69453472,1.00000000,
626,1.91160669,0.00000000,7.99714446,1.00000000,
627,1.89878904,0.00000000,7.87563398,1.00000000,
628,1.90585804,0.00000000,8.19710485,1.00000000,
629,1.93290252,0.00000000,8.39116688,1.00000000,
630,1.93497338,0.00000000,8.48697535,1.00000000,
631,1.92538775,0.00000000,8.55047138,1.00000000,
632,1.93816847,0.00000000,8.65355418,1.00000000,
633,1.95255785,0.00000000,8.49405698,1.00000000,
634,1.96445604,0.00000000,8.04816591,1.00000000,
635,1.98056621,0.00000000,8.38898159,1.00000000,
636,2.00070322,0.00000000,8.11634919,1.00000000,
637,2.02455418,0.00000000,8.18834540,1.00000000,
638,2.02460872,0.00000000,8.39566359,1.00000000,
639,2.01889284,0.00000000,8.22944465,1.00000000,
640,2.03469532,0.00000000,8.26602367,1.00000000,
641,2.03252860,0.00000000,8.06671873,1.00000000,
642,2.04508081,0.00000000,8.09261419,1.00000000,
643,2.03343837,0.00000000,8.33843732,1.00000000,
644,2.05224279,0.00000000,8.46361454,1.00000000,
645,2.05147026,0.00000000,8.69956116,1.00000000,
646,2.07216652,0.00000000,9.01941806,1.00000000,
647,2.07203106,0.00000000,8.77917307,1.00000000,
648,2.09864831,0.00000000,9.29439735,1.00000000,
649,2.10226419,0.00000000,9.08466891,1.00000000,
650,2.12440199,0.00000000,9.10509934,1.00000000,
651,2.12238916,0.00000000,8.60415738,1.00000000,
652,2.12129947,0.00000000,8.69497498,1.00000000,
653,2.13348736,0.00000000,8.70423024,1.00000000,
654,2.14323434,0.00000000,8.75489189,1.00000000,
655,2.15069143,0.00000000,9.08168184,1.00000000,
656,2.16192689,0.00000000,8.86858780,1.00000000,
657,2.16045534,0.00000000,8.59223571,1.00000000,
658,2.15366590,0.00000000,9.15565963,1.00000000,
659,2.16750535,0.00000000,8.99421339,1.00000000,
660,2.19251463,0.00000000,9.26964340,1.00000000,
661,2.19008218,0.00000000,9.56542382,1.00000000,
662,2.19042722,0.00000000,9.56263363,1.00000000,
663,2.20030965,0.00000000,9.29137535,1.00000000,
664,2.20012545,0.00000000,9.51740966,1.00000000,
665,2.19034756,0.00000000,10.00000000,1.00000000,
666,2.19740125,0.00000000,9.51806574,1.00000000,
667,2.20650955,0.00000000,9.00324167,1.00000000,
668,2.21527618,0.00000000,8.18009905,1.00000000,
669,2.23427935,0.00000000,7.68872946,1.00000000,
670,2.25888511,0.00000000,7.39916742,1.00000000,
671,2.26658905,0.00000000,6.80575581,1.00000000,
672,2.26170363,0.00000000,6.16100899,1.00000000,
673,2.25647570,0.00000000,5.45887800,1.00000000,
674,2.27808993,0.00000000,5.10766417,1.00000000,
675,2.29469864,0.00000000,4.37184771,1.00000000,
676,2.32584507,0.00000000,3.65813614,1.00000000,
677,2.35433682,0.00000000,3.10725866,1.00000000,
678,2.32708308,0.00000000,2.70915967,1.00000000,
679,2.35852606,0.00000000,2.20928344,1.00000000,
680,2.36212750,0.00000000,1.60235623,1.00000000,
681,2.37943465,0.00000000,0.97004966,1.00000000,
682,2.38153143,0.00000000,0.44121196,1.00000000,
683,2.39345209,0.00000000,-0.07699016,1.00000000,
684,2.40498664,0.00000000,-0.60458629,1.00000000,
685,2.38816547,0.00000000,-1.12663013,1.00000000,
686,2.38285038,0.00000000,-1.68560702,1.00000000,
687,2.40359930,0.00000000,-2.14809354,1.00000000,
688,2.41763489,0.00000000,-2.77807308,1.00000000,
689,2.43076613,0.00000000,-3.23010447,1.00000000,
690,2.48598094,0.00000000,-3.60946442,1.00000000,
691,2.49647773,0.00000000,-4.02954363,1.00000000,
692,2.51527823,0.00000000,-4.62017237,1.00000000,
693,2.53670726,0.00000000,-5.19064378,1.00000000,
694,2.55757332,0.00000000,-5.65691760,1.00000000,
695,2.59958569,0.00000000,-6.23241938,1.00000000,
696,2.62346404,0.00000000,-6.88853799,1.00000000,
697,2.63613484,0.00000000,-7.41032488,1.00000000,
698,2.64021415,0.00000000,-8.00820659,1.00000000,
699,2.66402255,0.00000000,-8.39082925,1.00000000,
700,2.68663739,0.00000000,-9.04394973,1.00000000,
701,2.67635264,0.00000000,-9.62688766,1.00000000,
702,2.64805486,0.00000000,-9.94679194,1.00000000,
703,2.65309626,0.00000000,-10.00000000,1.00000000,
704,2.66800227,0.00000000,-9.33714194,1.00000000,
705,2.70441419,0.00000000,-8.28889738,1.00000000,
706,2.71110475,0.00000000,-7.33453986,1.00000000,
707,2.72525586,0.00000000,-7.01200791,1.00000000,
708,2.71961041,0.00000000,-6.55887862,1.00000000,
709,2.75131666,0.00000000,-6.48111575,1.00000000,
710,2.79159746,0.00000000,-5.59118383,1.00000000,
711,2.80087170,0.00000000,-4.99583028,1.00000000,
712,2.83161617,0.00000000,-4.67667898,1.00000000,
713,2.85832920,0.00000000,-4.24968880,1.00000000,
714,2.87980147,0.00000000,-3.78746326,1.00000000,
715,2.89008556,0.00000000,-3.26035036,1.00000000,
716,2.90227620,0.00000000,-2.84647333,1.00000000,
717,2.93008423,0.00000000,-2.35989587,1.00000000,
718,2.94942004,0.00000000,-2.02997512,1.00000000,
719,2.95908957,0.00000000,-1.57861780,1.00000000,
720,3.00314786,0.00000000,-1.08505118,1.00000000,
721,3.01903221,0.00000000,-0.64616654,1.00000000,
722,3.03446478,0.00000000,-0.23312386,1.00000000,
723,3.02369268,0.00000000,0.19818667,1.00000000,
724,3.03718241,0.00000000,0.62452281,1.00000000,
725,3.06705299,0.00000000,1.04547471,1.00000000,
726,3.07420371,0.00000000,1.43625552,1.00000000,
727,3.09756381,0.00000000,1.87587282,1.00000000,
728,3.09874214,0.00000000,2.31524101,1.00000000,
729,3.12075114,0.00000000,2.79292392,1.00000000,
730,3.12727004,0.00000000,3.13803624,1.00000000,
731,3.13813492,0.00000000,3.44096395,1.00000000,
732,3.15653791,0.00000000,4.08671165,1.00000000,
733,3.18483735,0.00000000,4.63246677,1.00000000,
734,3.23137579,0.00000000,4.92291124,1.00000000,
735,3.23207007,0.00000000,5.46363124,1.00000000,
736,3.23769780,0.00000000,5.93773954,1.00000000,
737,3.25057375,0.00000000,6.29509174,1.00000000,
738,3.26667908,0.00000000,6.90242460,1.00000000,
739,3.31326174,0.00000000,6.87051094,1.00000000,
740,3.33816223,0.00000000,7.05826971,1.00000000,
741,3.37766833,0.00000000,7.71903009,1.00000000,
742,3.41102689,0.00000000,8.28767866,1.00000000,
743,3.44489155,0.00000000,9.06523787,1.00000000,
744,3.50790870,0.00000000,9.63519410,1.00000000,
745,3.56021209,0.00000000,9.93035062,1.00000000,
746,3.55193314,0.00000000,10.00000000,1.00000000,
747,3.59305908,0.00000000,9.13996213,1.00000000,
748,3.61493960,0.00000000,8.13351072,1.00000000,
749,3.60958149,0.00000000,6.48110185,1.00000000,
750,3.62992739,0.00000000,5.62299376,1.00000000,
751,3.64912654,0.00000000,4.55883901,1.00000000,
752,3.68994169,0.00000000,3.61503758,1.00000000,
753,3.72564305,0.00000000,2.59312020,1.00000000,
754,3.78128266,0.00000000,1.78175410,1.00000000,
755,3.81260079,0.00000000,0.86658081,1.00000000,
756,3.82159997,0.00000000,0.00071139,1.00000000,
757,3.82769399,0.00000000,-0.88435125,1.00000000,
758,3.80804801,0.00000000,-1.75207865,1.00000000,
759,3.82975942,0.00000000,-2.57099865,1.00000000,
760,3.85331411,0.00000000,-3.40252733,1.00000000,
761,3.92248060,0.00000000,-4.25196068,1.00000000,
762,3.91843857,0.00000000,-5.28972187,1.00000000,
763,3.96008010,0.00000000,-6.52446531,1.00000000,
764,3.97361646,0.00000000,-7.38682548,1.00000000,
765,3.99021239,0.00000000,-7.83593258,1.00000000,
766,4.00905690,0.00000000,-8.43359043,1.00000000,
767,4.00830549,0.00000000,-9.14696479,1.00000000,
768,4.03151295,0.00000000,-9.71502249,1.00000000,
769,4.02668692,0.00000000,-10.00000000,1.00000000,
770,4.01887548,0.00000000,-10.00000000,1.00000000,
771,4.05246225,0.00000000,-9.00754925,1.00000000,
772,4.05541560,0.00000000,-8.46761276,1.00000000,
773,4.09382640,0.00000000,-7.27877980,1.00000000,
774,4.12333848,0.00000000,-6.64347108,1.00000000,
775,4.18581196,0.00000000,-5.63619288,1.00000000,
776,4.27293623,0.00000000,-4.48489410,1.00000000,
777,4.27877741,0.00000000,-3.82878541,1.00000000,
778,4.31221483,0.00000000,-2.78601191,1.00000000,
779,4.27224183,0.00000000,-1.86849157,1.00000000,
780,4.32169522,0.00000000,-0.92041094,1.00000000,
781,4.33892496,0.00000000,-0.06866354,1.00000000,
782,4.36028949,0.00000000,0.81291645,1.00000000,
783,4.39660130,0.00000000,1.66651635,1.00000000,
784,4.42870962,0.00000000,2.62710344,1.00000000,
785,4.41980283,0.00000000,3.43656547,1.00000000,
786,4.48489701,0.00000000,4.09217719,1.00000000,
787,4.55553541,0.00000000,4.96041168,1.00000000,
788,4.56366508,0.00000000,5.99176441,1.00000000,
789,4.60183921,0.00000000,6.97833484,1.00000000,
790,4.66154773,0.00000000,7.64438359,1.00000000,
791,4.70485370,0.00000000,8.53831418,1.00000000,
792,4.76833761,0.00000000,9.27986981,1.00000000,
793,4.80497078,0.00000000,10.00000000,1.00000000,
794,4.79922099,0.00000000,10.00000000,1.00000000,
795,4.79220736,0.00000000,8.38802591,1.00000000,
796,4.83336088,0.00000000,7.15135612,1.00000000,
797,4.89068572,0.00000000,5.66046172,1.00000000,
798,4.89645831,0.00000000,4.16628119,1.00000000,
799,4.95053136,0.00000000,2.71600112,1.00000000,
800,4.98962352,0.00000000,1.49240030,1.00000000,
801,5.04052737,0.00000000,0.12430212,1.00000000,
802,5.11765869,0.00000000,-1.25179052,1.00000000,
803,5.07687424,0.00000000,-2.62065052,1.00000000,
804,5.12342243,0.00000000,-4.05284046,1.00000000,
805,5.10247974,0.00000000,-5.45404498,1.00000000,
806,5.13609759,0.00000000,-6.66657417,1.00000000,
807,5.17370932,0.00000000,-8.16058949,1.00000000,
808,5.22130607,0.00000000,-9.66034901,1.00000000,
809,5.21609063,0.00000000,-10.00000000,1.00000000,
810,5.24847689,0.00000000,-9.78643412,1.00000000,
811,5.25872403,0.00000000,-9.93561162,1.00000000,
812,5.35063213,0.00000000,-9.96078582,1.00000000,
813,5.38138598,0.00000000,-10.00000000,1.00000000,
814,5.43687383,0.00000000,-9.85427907,1.00000000,
815,5.49844861,0.00000000,-9.29186363,1.00000000,
816,5.58627331,0.00000000,-8.76842259,1.00000000,
817,5.57300484,0.00000000,-8.48183788,1.00000000,
818,5.61011925,0.00000000,-8.12937717,1.00000000,
819,5.64443412,0.00000000,-7.70175135,1.00000000,
820,5.65891164,0.00000000,-7.33140425,1.00000000,
821,5.65498694,0.00000000,-7.12687713,1.00000000,
822,5.64046738,0.00000000,-6.34944648,1.00000000,
823,5.65228259,0.00000000,-6.30503310,1.00000000,
824,5.71482417,0.00000000,-6.23537425,1.00000000,
825,5.72543401,0.00000000,-5.70983129,1.00000000,
826,5.74454197,0.00000000,-5.30676663,1.00000000,
827,5.75656337,0.00000000,-5.05101017,1.00000000,
828,5.80917391,0.00000000,-4.78392279,1.00000000,
829,5.82845565,0.00000000,-4.22749569,1.00000000,
830,5.89534420,0.00000000,-3.87407052,1.00000000,
831,5.90161681,0.00000000,-3.21779223,1.00000000,
832,5.93692527,0.00000000,-2.82794363,1.00000000,
833,5.95855960,0.00000000,-2.40196849,1.00000000,
834,5.95742957,0.00000000,-1.89980337,1.00000000,
835,5.96298186,0.00000000,-1.50705029,1.00000000,
836,5.97576912,0.00000000,-1.07463680,1.00000000,
837,5.99555504,0.00000000,-0.69518466,1.00000000,
838,6.01419198,0.00000000,-0.32867541,1.00000000,
839,6.03049708,0.00000000,0.05726300,1.00000000,
840,6.04822347,0.00000000,0.43626152,1.00000000,
841,6.08486066,0.00000000,0.82609633,1.00000000,
842,6.08418086,0.00000000,1.19960457,1.00000000,
843,6.10694555,0.00000000,1.58676397,1.00000000,
844,6.08721908,0.00000000,1.95796015,1.00000000,
845,6.13164206,0.00000000,2.20037670,1.00000000,
846,6.13333179,0.00000000,2.54955428,1.00000000,
847,6.20251174,0.00000000,2.79373394,1.00000000,
848,6.25301279,0.00000000,3.19354588,1.00000000,
849,6.27810795,0.00000000,3.77637696,1.00000000,
850,6.35870999,0.00000000,4.10150877,1.00000000,
851,6.41642935,0.00000000,4.69954832,1.00000000,
852,6.46286901,0.00000000,5.02527406,1.00000000,
853,6.48180383,0.00000000,5.25546371,1.00000000,
854,6.49189820,0.00000000,5.59955173,1.00000000,
855,6.50907387,0.00000000,5.85240343,1.00000000,
856,6.56919913,0.00000000,6.23408742,1.00000000,
857,6.67860355,0.00000000,6.77661628,1.00000000,
858,6.70736948,0.00000000,7.26746561,1.00000000,
859,6.78066262,0.00000000,7.37525448,1.00000000,
860,6.85620114,0.00000000,7.61849801,1.00000000,
861,6.88421861,0.00000000,7.94349050,1.00000000,
862,6.93147258,0.00000000,8.22016159,1.00000000,
863,6.97058668,0.00000000,8.74097090,1.00000000,
864,6.96966159,0.00000000,9.49842483,1.00000000,
865,7.04743723,0.00000000,9.30496512,1.00000000,
866,7.09193089,0.00000000,9.82885940,1.00000000,
867,7.19806356,0.00000000,10.00000000,1.00000000,
868,7.22088506,0.00000000,10.00000000,1.00000000,
869,7.30022288,0.00000000,9.69393856,1.00000000,
870,7.33185200,0.00000000,9.86819413,1.00000000,
871,7.40990215,0.00000000,9.44105779,1.00000000,
872,7.38039382,0.00000000,9.46877973,1.00000000,
873,7.37434816,0.00000000,9.60756008,1.00000000,
874,7.39052682,0.00000000,9.48344161,1.00000000,
875,7.42990116,0.00000000,9.65126069,1.00000000,
876,7.46477774,0.00000000,9.65388391,1.00000000,
877,7.49961865,0.00000000,9.61732705,1.00000000,
878,7.54256707,0.00000000,9.34401229,1.00000000,
879,7.50627388,0.00000000,9.59903523,1.00000000,
880,7.55181160,0.00000000,9.75995464,1.00000000,
881,7.59020497,0.00000000,9.14720239,1.00000000,
882,7.61918398,0.00000000,9.27342331,1.00000000,
883,7.59391065,0.00000000,9.51125401,1.00000000,
884,7.53915303,0.00000000,9.90465956,1.00000000,
885,7.56978888,0.00000000,9.79542931,1.00000000,
886,7.61059952,0.00000000,10.00000000,1.00000000,
887,7.65065109,0.00000000,9.62177635,1.00000000,
888,7.62498975,0.00000000,9.45507702,1.00000000,
889,7.61410099,0.00000000,8.98802367,1.00000000,
890,7.62017763,0.00000000,8.35256757,1.00000000,
891,7.65889935,0.00000000,7.46935058,1.00000000,
892,7.71417737,0.00000000,6.72875127,1.00000000,
893,7.85037611,0.00000000,6.80025783,1.00000000,
894,7.86174709,0.00000000,6.77181611,1.00000000,
895,7.85599055,0.00000000,6.62034995,1.00000000,
896,7.97046439,0.00000000,6.05695378,1.00000000,
897,8.02604823,0.00000000,5.59065333,1.00000000,
898,8.09254202,0.00000000,5.71004347,1.00000000,
899,8.14961075,0.00000000,5.58826207,1.00000000,
900,8.13037015,0.00000000,5.58638350,1.00000000,
901,8.17110754,0.00000000,5.30945763,1.00000000,
902,8.16780754,0.00000000,5.09433948,1.00000000,
903,8.21835091,0.00000000,4.92012107,1.00000000,
904,8.12708579,0.00000000,4.48578480,1.00000000,
905,8.21195472,0.00000000,4.23120255,1.00000000,
906,8.23412506,0.00000000,3.96242737,1.00000000,
907,8.18592476,0.00000000,3.53000921,1.00000000,
908,8.18210610,0.00000000,3.28272064,1.00000000,
909,8.23801283,0.00000000,3.15749476,1.00000000,
910,8.32331926,0.00000000,2.94521686,1.00000000,
911,8.31209683,0.00000000,2.71013066,1.00000000,
912,8.37585852,0.00000000,2.45213427,1.00000000,
913,8.34667480,0.00000000,2.26737527,1.00000000,
914,8.35579314,0.00000000,2.13928961,1.00000000,
915,8.36427365,0.00000000,1.98574749,1.00000000,
916,8.40061148,0.00000000,1.79275000,1.00000000,
917,8.40409200,0.00000000,1.55495553,1.00000000,
918,8.37751296,0.00000000,1.37024169,1.00000000,
919,8.44489451,0.00000000,1.10544087,1.00000000,
920,8.48400984,0.00000000,0.88314221,1.00000000,
921,8.47464138,0.00000000,0.68210220,1.00000000,
922,8.59099252,0.00000000,0.45794265,1.00000000,
923,8.73271407,0.00000000,0.24656510,1.00000000,
924,8.76828780,0.00000000,0.04091975,1.00000000,
925,8.87749110,0.00000000,-0.16612178,1.00000000,
926,8.90983438,0.00000000,-0.37175483,1.00000000,
927,8.99323224,0.00000000,-0.58400553,1.00000000,
928,9.06943343,0.00000000,-0.78725856,1.00000000,
929,9.15549440,0.00000000,-0.99180644,1.00000000,
930,9.08649382,0.00000000,-1.19555590,1.00000000,
931,9.07634589,0.00000000,-1.41675766,1.00000000,
932,9.08382770,0.00000000,-1.48295227,1.00000000,
933,9.15095713,0.00000000,-1.68998430,1.00000000,
934,9.17837564,0.00000000,-1.91010186,1.00000000,
935,9.22813007,0.00000000,-2.08791280,1.00000000,
936,9.27177495,0.00000000,-2.32299354,1.00000000,
937,9.26534196,0.00000000,-2.46755884,1.00000000,
938,9.35998434,0.00000000,-2.60959799,1.00000000,
939,9.43455703,0.00000000,-2.65646020,1.00000000,
940,9.43402959,0.00000000,-2.87267080,1.00000000,
941,9.44779439,0.00000000,-3.00214882,1.00000000,
942,9.51403179,0.00000000,-3.31369351,1.00000000,
943,9.63875252,0.00000000,-3.34378668,1.00000000,
944,9.56666288,0.00000000,-3.53895224,1.00000000,
945,9.70338166,0.00000000,-3.53156527,1.00000000,
946,9.78362032,0.00000000,-3.68988282,1.00000000,
947,9.87185459,0.00000000,-3.87934703,1.00000000,
948,9.93124867,0.00000000,-4.06034561,1.00000000,
949,9.90737795,0.00000000,-4.19177518,1.00000000,
950,9.90850217,0.00000000,-4.46736798,1.00000000,
951,9.94606455,0.00000000,-4.56724564,1.00000000,
952,9.86429255,0.00000000,-4.80658366,1.00000000,
953,9.86563741,0.00000000,-4.86243594,1.00000000,
954,9.79548685,0.00000000,-5.12509734,1.00000000,
955,9.80750312,0.00000000,-5.22987224,1.00000000,
956,9.82275663,0.00000000,-5.66672843,1.00000000,
957,9.89440427,0.00000000,-5.81451202,1.00000000,
958,9.87097828,0.00000000,-5.79222866,1.00000000,
959,9.92343379,0.00000000,-5.55931801,1.00000000,
960,10.00000000,0.00000000,-5.96813178,1.00000000,
961,9.89432183,0.00000000,-5.87702813,1.00000000,
962,9.81742281,0.00000000,-6.24071343,1.00000000,
963,9.70868918,0.00000000,-6.61161730,1.00000000,
964,9.55587459,0.00000000,-6.67709766,1.00000000,
965,9.42329003,0.00000000,-6.44187031,1.00000000,
966,9.21646470,0.00000000,-6.44479532,1.00000000,
967,9.16437260,0.00000000,-6.47250087,1.00000000,
968,9.06600835,0.00000000,-6.65732537,1.00000000,
969,8.97637708,0.00000000,-6.75823552,1.00000000,
970,8.81398885,0.00000000,-6.92471603,1.00000000,
971,8.66173851,0.00000000,-7.31674353,1.00000000,
972,8.53968605,0.00000000,-7.18684013,1.00000000,
973,8.43735187,0.00000000,-7.71514588,1.00000000,
974,8.35587934,0.00000000,-7.63304853,1.00000000,
975,8.18632656,0.00000000,-7.95559835,1.00000000,
976,8.10245536,0.00000000,-8.42667440,1.00000000,
977,8.00807659,0.00000000,-8.62484238,1.00000000,
978,7.85938734,0.00000000,-8.76334070,1.00000000,
979,7.76418800,0.00000000,-8.86962711,1.00000000,
980,7.60214538,0.00000000,-8.99231211,1.00000000,
981,7.47004342,0.00000000,-9.36418200,1.00000000,
982,7.37728219,0.00000000,-9.29351638,1.00000000,
983,7.25131943,0.00000000,-9.27947442,1.00000000,
984,7.13855432,0.00000000,-10.00000000,1.00000000,
985,6.96972713,0.00000000,-10.00000000,1.00000000,
986,6.90843448,0.00000000,-9.61673867,1.00000000,
987,6.82867306,0.00000000,-9.07589171,1.00000000,
988,6.66739896,0.00000000,-8.53040997,1.00000000,
989,6.58008628,0.00000000,-8.23173145,1.00000000,
990,6.47762500,0.00000000,-7.83550313,1.00000000,
991,6.35204435,0.00000000,-7.22495980,1.00000000,
992,6.28128763,0.00000000,-6.64690298,1.00000000,
993,6.19629320,0.00000000,-6.11094303,1.00000000,
994,6.10497016,0.00000000,-5.54811695,1.00000000,
995,5.99550570,0.00000000,-4.83764309,1.00000000,
996,5.89871796,0.00000000,-4.32413377,1.00000000,
997,5.77479757,0.00000000,-3.54254541,1.00000000,
998,5.66908325,0.00000000,-3.15148759,1.00000000,
999,5.60796362,0.00000000,-2.54472381,1.00000000,
