# Simulation data produced by HOMEO---the homeostat simulation program
# Data printed on: 2013-05-10 20:28:16.875630
# There were exactly 4 units in this simulation
Unit-4,Unit-4_un.,Unit-3,Unit-3_un.,Unit-2,Unit-2_un.,Unit-1,Unit-1_un.
0.744607306194,0,-0.175773813181,0,0.900270093795,0,0.473412078621,0
0.744206784263,0,-0.178129341587,0,0.900468270137,0,0.473814858647,0
0.744278432948,0,-0.177937944342,0,0.900661587025,0,0.47823733283,0
0.740494870856,0,-0.17346825243,0,0.898112818685,0,0.470091919031,0
0.742460146467,0,-0.168204284412,0,0.897043815479,0,0.473942593182,0
0.739301495343,0,-0.16464977094,0,0.898641494271,0,0.486752898213,0
0.738521343996,0,-0.158896920475,0,0.898413496543,0,0.496260655944,0
0.735845225075,0,-0.151546886803,0,0.895440908937,0,0.496737014884,0
0.730809122978,0,-0.142474761213,0,0.890938358324,0,0.506576032295,0
0.726466646483,0,-0.132731542017,0,0.889138758344,0,0.515197148,0
0.726147334939,0,-0.120676686538,0,0.888221538088,0,0.524160913899,0
0.724488490447,0,-0.106104515607,0,0.882663701086,0,0.541458516771,0
0.720976451353,0,-0.0912259573857,0,0.88099959978,0,0.560121322634,0
0.716822314601,0,-0.0764494593501,0,0.869868276873,0,0.586738774196,0
0.707607953759,0,-0.0617169726755,0,0.866439316609,0,0.590438215333,0
0.700129273396,0,-0.0453060649759,0,0.859983767881,0,0.599333688792,0
0.693850681415,0,-0.0261429759998,0,0.8544540158,0,0.593636206444,0
0.688102214705,0,-0.00615670130552,0,0.846773286524,0,0.603072980726,0
0.679368005919,0,0.0143851684195,0,0.83610779078,0,0.60511117214,0
0.673058693044,0,0.0360402863007,0,0.829186370479,0,0.637908286505,0
0.665532834128,0,0.0580757483849,0,0.820032442384,0,0.642263595821,0
0.656718319605,0,0.0817619836658,0,0.809423252655,0,0.660555301519,0
0.646032391987,0,0.106409450205,0,0.798310921833,0,0.678104396344,0
0.636527000814,0,0.132020753912,0,0.789709906429,0,0.693795820731,0
0.626761163471,0,0.160531981563,0,0.774694550251,0,0.697634403511,0
0.615851167831,0,0.191943242371,0,0.764202057751,0,0.714608531446,0
0.607629405283,0,0.218327081301,0,0.751299640755,0,0.745648501319,0
0.598498807706,0,0.245614360026,0,0.741006047173,0,0.789331441358,0
0.588035421427,0,0.274422401384,0,0.72949834826,0,0.806685799006,0
0.578759716945,0,0.308573148265,0,0.717195183693,0,0.826675107629,0
0.568739004229,0,0.341306332092,0,0.704785484398,0,0.854813570116,0
0.554666488806,0,0.372485980279,0,0.691560590939,0,0.877996200932,0
0.540047015155,0,0.399542292326,0,0.677670892167,0,0.916639202308,0
0.527499881865,0,0.441409096003,0,0.661095926629,0,0.952329354416,0
0.511882936536,0,0.480651183367,0,0.644153211157,0,0.990742108398,0
0.497742068834,0,0.525664953891,0,0.630289973293,0,1.01077083505,0
0.483590275237,0,0.566836072276,0,0.61348471597,0,1.04143508202,0
0.471002262029,0,0.604628669581,0,0.596425791723,0,1.05591891304,0
0.456760508428,0,0.639608580749,0,0.57780698117,0,1.09619227375,0
0.439485751385,0,0.680397935112,0,0.55954067256,0,1.11969217115,0
0.423135211892,0,0.719957172909,0,0.540097169596,0,1.16557763228,0
0.409025201899,0,0.77545727274,0,0.522539055912,0,1.22194306681,0
0.393876635759,0,0.809908247647,0,0.505179409171,0,1.26765886555,0
0.377338277503,0,0.849901359165,0,0.486501606429,0,1.3205329539,0
0.35975414563,0,0.891171189296,0,0.46795357069,0,1.34030130519,0
0.340611516081,0,0.938349388721,0,0.449039817614,0,1.38069650174,0
0.324318908303,0,0.982887478375,0,0.429483085911,0,1.42892155075,0
0.305771170901,0,1.02297089457,0,0.408646380446,0,1.49832129176,0
0.287563292749,0,1.06681404579,0,0.387641606066,0,1.51938131881,0
0.268325944789,0,1.13864253961,0,0.366710325262,0,1.59400886548,0
0.24972673669,0,1.21935384792,0,0.34438873038,0,1.61667973821,0
0.232901639695,0,1.28413188039,0,0.324691801388,0,1.63114768659,0
0.213205062151,0,1.35385659514,0,0.303294505536,0,1.6878811093,0
0.19407934672,0,1.39606346671,0,0.280414127017,0,1.7263024099,0
0.174315872783,0,1.48632952745,0,0.258755681733,0,1.72240553434,0
0.153155152162,0,1.54309157648,0,0.235172572541,0,1.74735664716,0
0.133175965213,0,1.57383751711,0,0.21302285748,0,1.81406741106,0
0.112457760608,0,1.61912872313,0,0.18995955196,0,1.88188327986,0
0.0915425123643,0,1.68757035408,0,0.16549522994,0,1.92261566748,0
0.0705085238451,0,1.75590900806,0,0.140782380498,0,1.97447201422,0
0.0492589780107,0,1.83172792662,0,0.115806396886,0,2.05959679852,0
0.0282627873265,0,1.90014782977,0,0.090548482388,0,2.10175446555,0
0.00659378488118,0,1.97765341737,0,0.0648404740127,0,2.10880094446,0
-0.0153446665461,0,2.03959595952,0,0.0390671686508,0,2.14496072353,0
-0.0376098852875,0,2.11755519635,0,0.0127439348131,0,2.14711863992,0
-0.0602496429132,0,2.17024330814,0,-0.0138785230829,0,2.24807769905,0
-0.0832237670321,0,2.27368369013,0,-0.0407995760251,0,2.33124440042,0
-0.106323139606,0,2.33081369388,0,-0.0681163532973,0,2.38104070511,0
-0.129876556276,0,2.38880225758,0,-0.0959677139455,0,2.43652073202,0
-0.153520274083,0,2.5009084411,0,-0.123836526487,0,2.4253934618,0
-0.177559599714,0,2.55705229638,0,-0.152192455763,0,2.48822546012,0
-0.203079954919,0,2.61238656554,0,-0.180694020337,0,2.5217272568,0
-0.227785514355,0,2.7484628879,0,-0.209578296483,0,2.57831774463,0
-0.252175628043,0,2.83934397408,0,-0.23863450083,0,2.71353494181,0
-0.279088433081,0,2.9186323011,0,-0.268564932768,0,2.7290607536,0
-0.303672751319,0,3.03256841497,0,-0.298742047594,0,2.84426051238,0
-0.329254908288,0,3.06448561608,0,-0.33010852075,0,2.88296312216,0
-0.355281187196,0,3.15982697659,0,-0.35999887785,0,2.9261487276,0
-0.378596054659,0,3.25298692968,0,-0.391080271927,0,3.03764537742,0
-0.406046912349,0,3.31466246169,0,-0.422751635222,0,3.12384093732,0
-0.430021239786,0,3.33883376041,0,-0.453439420435,0,3.18742148635,0
-0.45796444265,0,3.40594331777,0,-0.483618994636,0,3.15503002576,0
-0.486205598964,0,3.53405537901,0,-0.514707041887,0,3.2212244708,0
-0.517201478951,0,3.6124993871,0,-0.548070115036,0,3.22863062061,0
-0.544314023084,0,3.62459054495,0,-0.579801223706,0,3.30625425302,0
-0.573270992748,0,3.67435634656,0,-0.613930662181,0,3.41503834213,0
-0.600813860904,0,3.72636645173,0,-0.64789116625,0,3.48276384748,0
-0.628611867548,0,3.78293746902,0,-0.684026413098,0,3.6021288866,0
-0.658655280534,0,3.90166546834,0,-0.71856451532,0,3.63106339457,0
-0.687560433646,0,3.95201867365,0,-0.753337447294,0,3.73487683211,0
-0.715014110667,0,4.06435194692,0,-0.788599207297,0,3.82225076497,0
-0.745594275603,0,4.18947268043,0,-0.823903871144,0,3.91572767964,0
-0.776485100253,0,4.34073659651,0,-0.860211332613,0,3.87158333191,0
-0.809287846145,0,4.48952685216,0,-0.892796347695,0,3.97653286402,0
-0.836003852302,0,4.65077607117,0,-0.927119393356,0,4.11991390931,0
-0.864498655441,0,4.77066935354,0,-0.964961781789,0,4.17395669669,0
-0.895818189371,0,4.88374644408,0,-1.00109721987,0,4.21659165587,0
-0.927939183169,0,5.1045145675,0,-1.03669459001,0,4.39990111825,0
-0.955633622957,0,5.20802875676,0,-1.07491688713,0,4.5289559522,0
-0.987746254717,0,5.24716342936,0,-1.11439739657,0,4.68596326989,0
-1.02713842168,0,5.37490565197,0,-1.15706632859,0,4.81862501058,0
-1.05891785638,0,5.5743297052,0,-1.19327057324,0,4.93963190989,0
-1.08893510979,0,5.65571009411,0,-1.22936056834,0,5.00607371592,0
-1.12698580529,0,5.6514075974,0,-1.26904858377,0,5.18578122708,0
-1.16078625746,0,5.82827778299,0,-1.3098144348,0,5.11366652947,0
-1.19645087647,0,5.79418709223,0,-1.35000866874,0,5.14813685278,0
-1.23135957394,0,5.89389662537,0,-1.38764632604,0,5.29266993336,0
-1.2663142545,0,6.0118039024,0,-1.42907452075,0,5.421194707,0
-1.3036930304,0,6.20110786564,0,-1.46932879953,0,5.44372156445,0
-1.33761240379,0,6.15824001618,0,-1.50536313473,0,5.47806238506,0
-1.37316288815,0,6.30495537997,0,-1.54466311322,0,5.59561057327,0
-1.40546493585,0,6.47358959915,0,-1.5871051493,0,5.63756573244,0
-1.43373245274,0,6.5183766223,0,-1.62944666957,0,5.70672479288,0
-1.47269481134,0,6.67008646511,0,-1.66839166403,0,5.63458877218,0
-1.50613850691,0,6.62148872954,0,-1.71018028254,0,5.74125675354,0
-1.54724257878,0,6.6083872477,0,-1.74522171042,0,5.9179916028,0
-1.58284575818,0,6.60585594904,0,-1.78286958861,0,6.08964975294,0
-1.61595250734,0,6.71225731536,0,-1.82406683848,0,6.32548056165,0
-1.65515965322,0,6.88131328766,0,-1.8734636638,0,6.27097542178,0
-1.68696796293,0,6.89022196672,0,-1.91218893196,0,6.30690160781,0
-1.71979670322,0,6.99550007771,0,-1.96152439447,0,6.55505475773,0
-1.76014762767,0,7.12103053111,0,-2.00026343561,0,6.62532502672,0
-1.80585514767,0,7.26776242214,0,-2.04389557593,0,6.78439381295,0
-1.84273993588,0,7.34146667486,0,-2.08499326413,0,7.04766835067,0
-1.88347352065,0,7.45102136013,0,-2.13236212088,0,7.20602121781,0
-1.91039258076,0,7.57761040842,0,-2.17331003608,0,7.29660425456,0
-1.94251007131,0,7.81970159177,0,-2.21021258318,0,7.31548813976,0
-1.97189921373,0,7.97537223171,0,-2.253064926,0,7.48929716288,0
-2.00896282478,0,8.06322207985,0,-2.31522305869,0,7.42161146425,0
-2.04589502782,0,7.93758419582,0,-2.35935427313,0,7.50836920713,0
-2.08498140343,0,8.02372884527,0,-2.40572755663,0,7.50224753179,0
-2.11420612352,0,8.14372886884,0,-2.45025983807,0,7.57343070428,0
-2.15419815821,0,8.33189415564,0,-2.49878474495,0,7.45187789413,0
-2.19510345975,0,8.49063957396,0,-2.55802412235,0,7.68582420192,0
-2.23301300798,0,8.54488381819,0,-2.60529573411,0,7.66972151959,0
-2.26006518194,0,8.51522566626,0,-2.65873757407,0,7.66966160802,0
-2.29602525858,0,8.66870902066,0,-2.70562393022,0,7.66847981918,0
-2.344070281,0,8.76133153966,0,-2.75675623982,0,7.67753500309,0
-2.38134399792,0,8.89672074238,0,-2.81125152403,0,7.81279993465,0
-2.4331261092,0,8.93036142371,0,-2.86452973329,0,7.93468479196,0
-2.48078251405,0,9.06191931816,1,-2.90744283465,0,7.82535659294,0
-2.52821408433,0,9.08717398512,0,-2.95546548113,0,7.76145601997,0
-2.56846612002,0,9.21433139709,0,-3.01497943359,0,7.8198167635,0
-2.60982209687,0,9.26782743904,0,-3.05822061584,0,7.90360027762,0
-2.64893366735,0,9.39628595366,0,-3.10709364272,0,7.90140513338,0
-2.69553888145,0,9.49682070127,0,-3.16182418487,0,7.97356982193,0
-2.74087741665,0,9.6736028248,0,-3.19860462017,0,8.07773342028,0
-2.78664373385,0,9.89022699284,0,-3.25396772131,0,8.12863580744,0
-2.82641511173,0,10.0,0,-3.30207917669,0,8.1681542934,0
-2.87701692953,0,9.91596720279,0,-3.36380358925,0,8.25598907165,0
-2.92235867161,0,9.7847375378,1,-3.42146714645,0,8.32049034575,0
-2.97128254627,0,9.78248306039,0,-3.47277738474,0,8.38100063829,0
-3.00724556323,0,9.47498875947,0,-3.523549794,0,8.45881751204,0
-3.03273461805,0,9.54446648682,0,-3.5742377068,0,8.74951894365,0
-3.06784508057,0,9.43884553849,0,-3.61023215305,0,8.81046509173,0
-3.09663158477,0,9.48705640898,0,-3.65564318189,0,8.65885026213,0
-3.15393456021,0,9.45355711372,0,-3.70906490941,0,8.45198535841,0
-3.18550285995,0,9.39434132001,0,-3.764751479,0,8.53803288062,0
-3.22879569399,0,9.43096289196,0,-3.82458330084,0,8.63390022547,0
-3.28147341555,0,9.53676382781,0,-3.86889019813,0,8.76633089906,0
-3.3366494974,0,9.48123623536,1,-3.91758341913,0,8.86535332691,0
-3.37731158039,0,9.47317795403,0,-3.96084530041,0,8.96345476335,0
-3.39430097641,0,9.46777209124,0,-4.00354630347,0,9.12684849468,0
-3.45174660894,0,9.38742334579,0,-4.05994769722,0,9.06206525831,0
-3.49013385991,0,9.66085473081,0,-4.12571662314,0,9.33343711625,0
-3.54896645547,0,9.68769105164,0,-4.17116496592,0,9.56863912637,0
-3.61377657204,0,9.67842507248,0,-4.23402708692,0,9.50811115738,0
-3.6711424867,0,9.61611996484,0,-4.29357771857,0,9.54872228393,0
-3.70750056534,0,9.60644616435,0,-4.35225637598,0,9.49440178766,0
-3.74687945299,0,9.64015542613,0,-4.38445703978,0,9.30207678904,0
-3.78131580525,0,9.54337188863,1,-4.42816024898,0,9.445285846,1
-3.82210394862,0,9.50147856259,0,-4.4763039684,0,9.72152255417,0
-3.85972102333,0,9.24416121529,0,-4.52663949279,0,9.70209834205,0
-3.9045049402,0,9.11246877791,0,-4.56029909618,0,9.75032528156,0
-3.95436999246,0,9.13376008653,0,-4.59841382249,0,9.79158025925,0
-4.01177932864,0,8.96961303803,0,-4.62767974075,0,9.85303693609,0
-4.06020859456,0,9.0814041621,0,-4.68134657253,0,9.94687145591,0
-4.1233760587,0,9.25674420481,0,-4.74491592076,0,10.0,0
-4.15857804537,0,9.45620461654,0,-4.80228960777,0,9.85205488117,0
-4.17707124677,0,9.51149889071,0,-4.8432128674,0,9.89811218567,0
-4.24752829375,0,9.52974406701,1,-4.89134598356,0,9.92198747646,1
-4.31120730224,0,9.41621544128,0,-4.96318307179,0,9.89224765346,0
-4.34941109274,0,9.54553908857,0,-5.01598535371,0,9.77549520573,0
-4.36642240824,0,9.53773749849,0,-5.10181039035,0,9.78995466517,0
-4.39874939227,0,9.47261856255,0,-5.17578464415,0,9.69556490871,0
-4.45061254522,0,9.50984043758,0,-5.25369676169,0,9.36977338863,0
-4.50851726936,0,9.52789915874,0,-5.3384006951,0,9.60826160512,0
-4.55491855388,0,9.59954442829,0,-5.37100796476,0,9.47891191591,0
-4.61638788559,0,9.40969111242,0,-5.43973779968,0,9.31062087087,0
-4.6399606858,0,9.55013975173,0,-5.50802487517,0,9.08612978167,0
-4.68928867423,0,9.52383855634,1,-5.5683364872,0,8.875667432,0
-4.7269641808,0,9.55443819601,0,-5.65323092793,0,8.86239462675,0
-4.76655903913,0,9.53339563074,0,-5.70900090277,0,9.01000006665,0
-4.79639581327,0,9.65445453511,0,-5.78071727715,0,8.94785929947,0
-4.85593160128,0,9.64745721735,0,-5.84403349048,0,8.91581924691,0
-4.87795311649,0,9.68738449983,0,-5.89452109238,0,8.70609154913,0
-4.93323568434,0,9.91170976973,0,-5.91583544748,0,8.72837582019,0
-4.98959323478,0,9.90430498149,0,-5.9896529572,0,8.69871059188,0
-5.03613846829,0,9.99631664278,0,-6.0601887203,0,8.6976183731,0
-5.09527466317,0,9.93703938953,0,-6.12898477376,0,8.65314295344,0
-5.13735878923,0,10.0,1,-6.20846288161,0,8.56444852697,0
-5.19611049366,0,10.0,0,-6.28278037765,0,8.50553318087,0
-5.2548963467,0,9.76833984456,0,-6.32602553684,0,8.46703083372,0
-5.27576946979,0,9.5161269138,0,-6.3873408429,0,8.3570809506,0
-5.32594377866,0,9.23962930581,0,-6.46852746928,0,8.37603000939,0
-5.36656973232,0,8.86157932354,0,-6.51987190307,0,8.2397668544,0
-5.40521387407,0,8.61930734902,0,-6.57903849215,0,8.17520500982,0
-5.43018982177,0,8.40463501854,0,-6.62913282971,0,8.15905814711,0
-5.46578864461,0,8.288388799,0,-6.71010743882,0,7.92413930885,0
-5.51050743473,0,7.93521640723,0,-6.76460783492,0,7.99396895259,0
-5.55366141246,0,7.65409790899,0,-6.80104398793,0,7.91298433261,0
-5.59985414018,0,7.46072288393,0,-6.87772061129,0,7.78395878592,0
-5.67303786387,0,7.03869049937,0,-6.92201060944,0,7.70599822578,0
-5.72295538981,0,6.73302625149,0,-7.00388311874,0,7.50144471516,0
-5.75514040821,0,6.42045322888,0,-7.053091266,0,7.55680552756,0
-5.79242502694,0,6.2652149557,0,-7.08855605253,0,7.46445547498,0
-5.82443384909,0,6.05275888482,0,-7.16336790854,0,7.47101797389,0
-5.872268871,0,5.8171105928,0,-7.23664508411,0,7.22469859635,0
-5.91268539692,0,5.61147150022,0,-7.32940706674,0,7.20917785515,0
-5.96184140445,0,5.46232556207,0,-7.4078202087,0,7.03562899182,0
-6.01086101379,0,5.22501916309,0,-7.46548158631,0,6.94521762076,0
-6.09116738492,0,4.96044279281,0,-7.52059595271,0,6.92291919871,0
-6.15702213647,0,4.69592042516,0,-7.60025027011,0,6.82822264752,0
-6.19356315281,0,4.51768741728,0,-7.67066005035,0,6.8577559625,0
-6.21748242843,0,4.45383189067,0,-7.75477305055,0,6.79769374433,0
-6.26973335617,0,4.2724647456,0,-7.83279260528,0,6.77872866329,0
-6.32804511159,0,4.10079145965,0,-7.91420632191,0,6.70852869994,0
-6.38714259528,0,3.89160963189,0,-7.98665903502,0,6.93222766402,0
-6.42460258857,0,3.71703171737,0,-8.08381855651,0,6.98502782646,0
-6.48091144151,0,3.53055392194,0,-8.17260515759,0,6.90726951939,0
-6.53553823657,0,3.43724265433,0,-8.26699959649,0,6.64965442771,0
-6.55854790849,0,3.28106804604,0,-8.32101464827,0,6.39344618598,0
-6.61479877212,0,3.07720862921,0,-8.39178540442,0,6.27200331207,0
-6.68633612275,0,2.96997701031,0,-8.42823037037,0,6.21467732488,0
-6.75912950347,0,2.85975692472,0,-8.49865351844,0,6.16031006153,0
-6.7984979301,0,2.73615965946,0,-8.54172866291,0,6.1277068525,0
-6.88156411875,0,2.63144882206,0,-8.60033741239,0,6.07211317378,0
-6.93701476525,0,2.46766855963,0,-8.67194735516,0,6.03723292418,0
-6.9476698929,0,2.28316522417,0,-8.75688680608,0,5.86993877815,0
-7.03409599894,0,2.1349736188,0,-8.81225906698,0,5.76434671918,0
-7.03895956505,0,1.94286361036,0,-8.88712866417,0,5.71615217712,0
-7.10961112772,0,1.82183224238,0,-8.95009032283,0,5.76569085986,0
-7.19254969559,0,1.71233685074,0,-9.04495696103,0,5.83060679123,0
-7.27559218,0,1.57667568504,0,-9.13835043878,0,5.8835255198,0
-7.34851940065,0,1.46291508927,0,-9.20825384419,0,5.83016941198,0
-7.46510031953,0,1.33067303661,0,-9.26205865374,0,5.87482339609,0
-7.5381939347,0,1.21112286314,0,-9.33146433721,0,5.81829103291,0
-7.60002926808,0,1.08773336355,0,-9.42174759979,0,5.7969728315,0
-7.65624800768,0,0.96735927062,0,-9.48024097533,0,5.62667161029,0
-7.70656297838,0,0.855908177455,0,-9.5729955228,0,5.68673827203,0
-7.70517011006,0,0.761197589948,0,-9.6853545368,1,5.61816380329,0
-7.76447770663,0,0.648566375245,0,-9.80266576436,0,5.41648973041,0
-7.82990968184,0,0.537202739,0,-9.86811409128,0,5.32930447798,0
-7.90350157202,0,0.416770385107,0,-9.93720080548,0,5.18499038157,0
-7.98337430113,0,0.299883106058,0,-9.9700045008,0,5.16444476079,0
-7.97662843204,0,0.188310066281,0,-10.0,0,5.06382550689,0
-7.98990864778,0,0.0855868861059,0,-9.81138006483,0,5.05193861799,0
-8.01969184986,0,-0.0181993068182,0,-9.69288895918,0,4.98176983478,0
-8.06368456899,0,-0.12068552732,0,-9.55927056116,0,5.05580277512,0
-8.0949324484,0,-0.221153762474,0,-9.38706419511,0,4.97034844022,0
-8.1460066964,0,-0.321301601908,0,-9.25695345008,1,4.91169532033,0
-8.17563503806,0,-0.416228981499,0,-9.12925672499,0,4.85882550819,0
-8.28341305145,0,-0.509442605904,0,-8.99855005052,0,4.76219216705,0
-8.35310530751,0,-0.614141139617,0,-8.84986067245,0,4.72547807253,0
-8.40155306239,0,-0.70194417396,0,-8.68553328675,0,4.71856806602,0
-8.42478335287,0,-0.777656491575,0,-8.54526328157,0,4.56924279599,0
-8.50785384063,0,-0.863486280862,0,-8.383453855,0,4.44187414929,0
-8.5842328663,0,-0.958459022612,0,-8.25347591112,0,4.41794228404,0
-8.70925022865,0,-1.04396587213,0,-8.05684957618,0,4.38383680677,0
-8.79405494668,0,-1.12806411693,0,-7.934975759,0,4.35562076441,0
-8.80636377159,0,-1.22065423619,0,-7.80920518759,0,4.35105300398,0
-8.83739585511,0,-1.29601127084,0,-7.63217561579,0,4.3993564435,0
-8.91161485804,0,-1.36808391558,0,-7.48848599503,0,4.28140138691,0
-8.91206568357,0,-1.43722498844,0,-7.32315855218,0,4.2516397216,0
-8.95754178644,0,-1.5105333501,0,-7.18318988316,0,4.14060807101,0
-9.06973178224,0,-1.57367091307,0,-7.04395370935,0,4.01516500106,0
-9.14240994833,0,-1.64726790154,0,-6.85433424704,0,4.00658225941,0
-9.20293266499,0,-1.72025137154,0,-6.70887686881,0,3.96836280012,0
-9.29328034481,0,-1.79501698856,0,-6.52007665296,0,3.914564142,0
-9.29945621484,0,-1.8240721592,0,-6.36277242621,0,3.88008470549,0
-9.35288804347,1,-1.90075285092,0,-6.2036995308,0,3.87187822784,0
-9.43738281635,0,-1.95589736711,0,-6.06997740503,0,3.73500068293,0
-9.47503430266,0,-2.03934702393,0,-5.94294350398,0,3.68130317882,0
-9.54483587833,0,-2.09352985469,0,-5.7991605894,0,3.66600502693,0
-9.65152775744,0,-2.18563723065,0,-5.65005784863,0,3.64233986343,0
-9.73862949155,0,-2.2676047775,0,-5.48424115038,0,3.48999464209,0
-9.79205764868,0,-2.33603570475,0,-5.30240367495,0,3.45083815551,0
-9.80884788146,0,-2.3964116404,0,-5.15638418111,0,3.47880622086,0
-9.8476964204,0,-2.40003521412,0,-4.99766741403,0,3.41571090595,0
-9.8718323054,0,-2.43635383015,0,-4.83484639452,0,3.39934779165,0
-9.96226059388,1,-2.50771102961,0,-4.68129394836,0,3.33175085206,0
-10.0,0,-2.56218655526,0,-4.53385172295,0,3.25082457224,0
-10.0,0,-2.67230673496,0,-4.37615766806,0,3.21368105411,0
-9.9207075454,0,-2.69308065145,0,-4.21228593627,0,3.13213523349,0
-9.84497579541,0,-2.70176292968,0,-4.05708715923,0,2.99593162654,0
-9.78329107919,0,-2.7392354798,0,-3.90676947573,0,2.96433546719,0
-9.68894463138,0,-2.7079294088,0,-3.76243257175,0,2.87591029518,0
-9.57485703703,0,-2.75295292112,0,-3.62013181155,0,2.7937221424,0
-9.48410174451,0,-2.73073774708,0,-3.47338196904,0,2.78040903828,0
-9.45164790325,0,-2.7650714669,0,-3.32621466393,0,2.70283605062,0
-9.40201396291,1,-2.80076870184,0,-3.18055457957,0,2.56334378203,0
-9.328995365,0,-2.80385287077,0,-3.01925138395,0,2.47601085199,0
-9.26174517079,0,-2.87833010018,0,-2.86924414079,0,2.4727959827,0
-9.2030601696,0,-2.93818418553,0,-2.7194303665,0,2.38152237334,0
-9.14160656986,0,-3.0143605972,0,-2.56593732997,0,2.33555963694,0
-9.11540392727,0,-3.02236386052,0,-2.40760951094,0,2.25657959113,0
-9.03546593636,0,-3.09809752633,0,-2.25543190384,0,2.22076474436,0
-8.98506288945,0,-3.20118437555,0,-2.09784062864,0,2.18019708651,0
-8.92236902663,0,-3.27701866941,0,-1.95756743818,0,2.14325818803,0
-8.81593243837,0,-3.29045035588,0,-1.80528273751,0,2.08137977323,0
-8.71402555808,0,-3.22300185598,0,-1.64731183108,0,2.02552905029,0
-8.63952541108,0,-3.21700773241,0,-1.49493587885,0,1.94479334174,0
-8.50799861265,0,-3.28150552422,0,-1.34300283924,0,1.86470905168,0
-8.46364007606,0,-3.30589016666,0,-1.190145453,0,1.78291695311,0
-8.42590216959,0,-3.3416037912,0,-1.03785795574,0,1.67876086993,0
-8.34463761941,0,-3.33404050879,0,-0.888117773376,0,1.59857879905,0
-8.25993671073,0,-3.33372181161,0,-0.737423528254,0,1.53871921076,0
-8.1905516157,0,-3.37102930705,0,-0.58542412938,0,1.39850140736,0
-8.14438357918,0,-3.4973478732,0,-0.432397195657,0,1.3346627162,0
-8.06204848887,0,-3.38900526095,0,-0.278379637541,0,1.25951143047,0
-8.01400111127,0,-3.36801129233,0,-0.126031587016,0,1.18528857899,0
-7.95692169048,0,-3.36823155169,0,0.0268194627533,0,1.1023118841,0
-7.94692686861,0,-3.32589098468,0,0.17952342919,0,1.02225376914,0
-7.90368440766,0,-3.31789001088,0,0.332286505641,0,0.967799214757,0
-7.89368164472,0,-3.29330991313,0,0.484926031015,0,0.915457572071,0
-7.79377060402,0,-3.3495565054,0,0.637991796204,0,0.852195914954,0
-7.74128336782,0,-3.42138694456,0,0.789652198728,0,0.770866230112,0
-7.67278256898,0,-3.38588665763,0,0.944742689814,0,0.703536337898,0
-7.56492008622,0,-3.40078737776,0,1.09665928353,0,0.64032792655,0
-7.50497549454,0,-3.3995232433,0,1.24882626719,0,0.577076813453,0
-7.48607264855,0,-3.42205702795,0,1.40035940559,0,0.525045900781,0
-7.36418596563,0,-3.40938994414,0,1.55626361165,0,0.443273851735,0
-7.31672214336,0,-3.40559058443,0,1.71667901183,0,0.362164973398,0
-7.24752274547,0,-3.36340987947,0,1.87052968508,0,0.281524753077,0
-7.17206644028,0,-3.33914851599,0,2.02169373028,0,0.213793398235,0
-7.09976078466,0,-3.30136968393,0,2.1729928373,0,0.140831702955,0
-7.01703275313,0,-3.33600318937,0,2.33173225618,0,0.0656476700525,0
-6.97873672256,0,-3.37683878368,0,2.48694801579,0,-0.00713315982689,0
-6.94285148107,0,-3.37649177633,0,2.64098411485,0,-0.0803805960318,0
-6.86821703916,0,-3.36416429553,0,2.80111164146,0,-0.154693181823,0
-6.79485180565,0,-3.34844387593,0,2.95706742998,0,-0.227888502334,0
-6.73592347252,0,-3.27651153374,0,3.10604378304,0,-0.297435265456,0
-6.65841173754,0,-3.26175086653,0,3.26575355368,0,-0.368108731598,0
-6.62844024773,0,-3.27932338657,0,3.41414244969,0,-0.447372368759,0
-6.60436474645,0,-3.2671931627,0,3.56069916831,0,-0.51341989129,0
-6.56712893154,0,-3.31155314975,0,3.71256747311,0,-0.602531383529,0
-6.48525032199,0,-3.3176155224,0,3.87073376213,0,-0.682187117341,0
-6.41882932972,0,-3.29761285239,0,4.0223545817,0,-0.761311527921,0
-6.37156734898,0,-3.25347901667,0,4.16023736023,0,-0.837774148092,0
-6.35921413682,0,-3.25434338204,0,4.32487785619,0,-0.91973153902,0
-6.31154177083,0,-3.26067730347,0,4.48896575358,0,-1.00093058627,0
-6.24725171821,0,-3.26157790181,0,4.63061080458,0,-1.06146018774,0
-6.23806978485,0,-3.21343666344,0,4.78297796715,0,-1.18470138708,0
-6.17435936708,0,-3.13775629315,0,4.94926591536,0,-1.30552480362,0
-6.14133553253,0,-3.1283609231,0,5.12284336056,0,-1.37750958801,0
-6.13739486189,0,-3.06717464552,0,5.27498614927,0,-1.47754729522,0
-6.11512629032,0,-2.97363219339,0,5.42305312443,0,-1.57240956994,0
-6.10315535347,0,-2.9759712995,0,5.57855793178,0,-1.64019061348,0
-6.07038818327,0,-2.89664796353,0,5.73002701484,0,-1.72796000056,0
-6.02336082943,0,-2.85960711199,0,5.89830553365,0,-1.78233439816,0
-6.0139798303,0,-2.81075796018,0,6.03098106645,0,-1.84621684256,0
-5.96424640825,0,-2.79244193463,0,6.17116162394,0,-1.91550465239,0
-5.95232786642,0,-2.77740840854,0,6.32245161238,0,-1.95517457785,0
-5.93352382244,0,-2.7188702241,0,6.46736264188,0,-2.02189975046,0
-5.90969042763,0,-2.70188657063,0,6.63595023312,0,-2.11723226151,0
-5.89403118439,0,-2.57428082806,0,6.80012290815,0,-2.20316837579,0
-5.83626060252,0,-2.52726174861,0,6.93420515017,0,-2.32079446684,0
-5.79655902618,0,-2.49293538101,0,7.06250959438,0,-2.37246409569,0
-5.76336742225,0,-2.46607828919,0,7.24928464065,0,-2.45233288401,0
-5.75098428485,0,-2.44570507979,0,7.40226415112,0,-2.51786316669,0
-5.70396898778,0,-2.38939963699,0,7.57067723918,0,-2.56182249056,0
-5.65696462982,0,-2.33388234236,0,7.71443755083,0,-2.6088484884,0
-5.6082454857,0,-2.29507204264,0,7.81350926835,0,-2.73289703385,0
-5.53076294253,0,-2.26640748784,0,7.94313049404,0,-2.86076719809,0
-5.51095056875,0,-2.21139903963,0,8.07770193621,0,-2.99806715054,0
-5.48396459249,0,-2.14363152629,0,8.20444485289,0,-3.12238683595,0
-5.46209163924,0,-2.07427091299,0,8.33350736677,0,-3.23429867954,0
-5.43103440116,0,-2.02666264046,0,8.44910024694,0,-3.26810101843,0
-5.38905724166,0,-1.94920258319,0,8.59324428704,0,-3.40228822891,0
-5.33799811075,0,-1.91599675258,0,8.76531461361,0,-3.51223375463,0
-5.2976412455,0,-1.84450222809,0,8.94315104047,0,-3.61347923715,0
-5.27903299696,0,-1.75914489859,0,9.1100138111,0,-3.64986763597,0
-5.25886723257,0,-1.70783796959,0,9.2498084881,0,-3.716665104,0
-5.2467689396,0,-1.64818683133,0,9.40634235327,0,-3.73726567965,0
-5.23313262549,0,-1.58262940664,0,9.55960979585,0,-3.83112985827,0
-5.21787937425,0,-1.54194135752,0,9.70628376744,0,-3.86525699512,0
-5.21601755585,0,-1.46527887362,0,9.83959982226,0,-3.92425246587,0
-5.19945821214,0,-1.41226372298,0,10.0,0,-4.06642109985,0
-5.19244004668,0,-1.35120201995,0,10.0,0,-4.08153392207,0
-5.19937051172,0,-1.27586785259,0,9.81795060027,0,-4.12370730545,0
-5.19482175279,0,-1.19392779015,0,9.64237222959,1,-4.20783942209,0
-5.18352884069,0,-1.12483291198,0,9.46155526054,0,-4.23508508705,0
-5.16997328789,0,-1.040178814,0,9.27858574983,0,-4.37439071902,0
-5.16300468472,0,-0.983501773488,0,9.07378529021,0,-4.48876102101,0
-5.15197198204,0,-0.901920160878,0,8.86721140418,0,-4.59449662253,0
-5.15462048919,0,-0.824790383054,0,8.68400342179,0,-4.70188672978,0
-5.1437660234,0,-0.758668562094,0,8.48241282361,0,-4.86063963379,0
-5.12944630299,0,-0.668660353152,0,8.31121282437,0,-4.98207274627,0
-5.10165333816,0,-0.587487886232,0,8.15799901345,0,-5.0353499273,0
-5.10232067659,0,-0.506838096312,0,8.02130984796,0,-5.18310313052,0
-5.08225548675,0,-0.414968010824,0,7.85887268358,0,-5.43781072236,0
-5.06253490537,0,-0.323266962426,0,7.67248143248,0,-5.35277712719,0
-5.05831164506,0,-0.234974481059,0,7.47873238857,0,-5.32939151882,0
-5.04234091129,0,-0.145328108062,0,7.3441860081,0,-5.55013603693,0
-5.02630228387,0,-0.0557068609574,0,7.176789827,0,-5.64132762474,0
-5.02507371682,0,0.0356140684253,0,7.01797356362,0,-5.60794008107,0
-5.02407079413,0,0.128225101119,0,6.84773339173,0,-5.66468346324,0
-5.03965711395,0,0.221805648689,0,6.67510325849,0,-5.64258236707,0
-5.05726624554,0,0.31171782171,0,6.53010207851,0,-5.65939706528,0
-5.02830943123,0,0.408096909693,0,6.38456373033,0,-5.73016089863,0
-5.04377323811,0,0.508551628397,0,6.20920585934,0,-5.87558036857,0
-5.0529115703,0,0.602328976221,0,6.05608655247,0,-5.91557172299,0
-5.03192199683,0,0.698555434018,0,5.93183522094,0,-5.94894154064,0
-5.02901496406,0,0.797082178275,0,5.75192703901,0,-5.91271118828,0
-5.01842136125,0,0.897048530238,0,5.625778491,0,-5.95499865586,0
-5.03357871249,0,0.985491416346,0,5.48701209254,0,-6.07636593429,0
-5.04781926379,0,1.08562099294,0,5.35922699051,0,-6.32531499898,0
-5.06108367911,0,1.21407922545,0,5.22153522502,0,-6.34425788118,0
-5.04356187764,0,1.31003282855,0,5.09672853858,0,-6.42151364168,0
-5.04891600004,0,1.42416545842,0,4.94906143371,0,-6.63035445373,0
-5.04982465891,0,1.52420703694,0,4.83157192279,0,-6.78109678484,0
-5.03761140447,0,1.63526631982,0,4.68810121827,0,-6.89526596103,0
-5.05218742619,0,1.74399470372,0,4.55560185924,0,-7.0358314674,0
-5.05001101603,0,1.8334354426,0,4.42497436279,0,-7.06918309753,0
-5.05569421393,0,1.92416687556,0,4.29845310639,0,-7.14068700527,0
-5.06388973991,0,2.02342861262,0,4.19507017492,0,-7.26889766459,0
-5.08389944281,0,2.13112288837,0,4.07635919384,0,-7.44743487782,0
-5.11222876548,0,2.22187054374,0,3.95359476015,0,-7.59147129318,0
-5.11814166466,0,2.34702344205,0,3.83534940292,0,-7.64907525816,0
-5.12895208086,0,2.46743615054,0,3.7123173297,0,-7.7010825769,0
-5.128223543,0,2.60405992262,0,3.5940313262,0,-7.84341990088,0
-5.12186918202,0,2.73632899709,0,3.47514025857,0,-7.76836581655,0
-5.10169010854,0,2.81720009944,0,3.36238775204,0,-7.68974946625,0
-5.09045533075,0,2.90060913361,0,3.2428936665,0,-7.75438187154,0
-5.09967830753,0,3.06933531027,0,3.14011052135,0,-7.9393684975,0
-5.09906909286,0,3.19296021278,0,3.05037899383,0,-8.17357991889,0
-5.10790024426,0,3.38398281718,0,2.95448972392,0,-8.33563723388,0
-5.12612413774,0,3.50831534458,0,2.84684326738,0,-8.34576827131,0
-5.12616403452,0,3.66905641314,0,2.74091569629,0,-8.53459645895,0
-5.11265123639,0,3.87430558648,0,2.64834177905,0,-8.83835366698,0
-5.10715428127,0,3.96727618397,0,2.54848024622,0,-9.04313996977,1
-5.12935154757,0,4.10192944424,0,2.44866229005,0,-9.03681112,0
-5.12517823547,0,4.17812131876,0,2.36881768611,0,-9.09840735854,0
-5.12484215821,0,4.23684152179,0,2.28260865094,0,-9.17715125477,0
-5.11603602251,0,4.31419416229,0,2.20650087175,0,-9.16513976272,0
-5.12246697937,0,4.4371405579,0,2.11989536937,0,-9.25656203509,0
-5.13549938035,0,4.52320581787,0,2.03651075612,0,-9.52132856872,0
-5.14936627314,0,4.72326137755,0,1.96037879456,0,-9.47056900554,0
-5.15992094485,0,4.83614611006,0,1.8830440657,0,-9.58927505317,0
-5.17006070001,0,4.85434441171,0,1.80018850448,0,-9.60330895916,0
-5.18272716205,0,4.92920069582,0,1.72786859898,0,-9.98451621599,1
-5.17880446151,0,4.96796078442,0,1.65473268182,0,-10.0,0
-5.18848682703,0,5.11988928675,0,1.58158257772,0,-10.0,0
-5.18573731413,0,5.22241729323,0,1.51024332104,0,-9.70395006553,0
-5.20442365819,0,5.36064412476,0,1.44045198615,0,-9.41454573993,0
-5.19567731023,0,5.48547379348,0,1.37607022326,0,-9.3093164854,0
-5.23348473477,0,5.65672865783,0,1.31254550084,0,-9.12394725866,0
-5.24716180319,0,5.82129030464,0,1.24976311705,0,-8.66277825391,0
-5.27616790816,0,5.92207164847,0,1.18671789367,0,-8.53703146996,0
-5.29603381279,0,6.12754482187,0,1.12206982196,0,-7.98777243784,0
-5.32605636655,0,6.23113568398,0,1.06454542577,0,-7.83356954585,0
-5.34410603467,0,6.30229080942,0,1.01068797087,0,-7.81781503754,0
-5.35266132782,0,6.46117915445,0,0.958139646494,0,-7.74452055198,0
-5.38092712333,0,6.7876035897,0,0.90560052085,0,-7.5435492183,0
-5.42189459923,0,7.03014746922,0,0.856988525775,0,-7.56406905849,0
-5.43281711373,0,7.11907251011,0,0.809071461197,0,-7.48362245913,0
-5.44701872316,0,7.18793487544,0,0.762921377488,0,-7.15092859496,0
-5.47136809161,0,7.29383831898,0,0.716206398489,0,-6.98536640463,0
-5.47458152248,0,7.32110178246,0,0.670226230477,0,-6.83634269335,0
-5.53567475156,0,7.50626598013,0,0.628136628417,0,-6.69548567925,0
-5.56552620963,0,7.60901705138,0,0.58795701398,0,-6.49102970383,0
-5.5661158865,0,7.80763070489,0,0.548891256692,0,-6.46123602658,0
-5.56613575887,0,7.89827852429,0,0.509270714202,0,-6.23078274712,0
-5.57657933033,0,8.12709107982,0,0.47129302905,0,-6.09872266106,0
-5.59045536168,0,8.4174335723,0,0.434011471899,0,-6.06020293517,0
-5.58975544239,0,8.56232448357,0,0.400257089373,0,-5.89156774366,0
-5.60656760007,0,8.60015148796,0,0.367764861171,0,-5.73819035405,0
-5.62415169816,0,8.645919069,0,0.337051337418,0,-5.71869291195,0
-5.63292026064,0,8.80839944573,0,0.306804857222,0,-5.64884595341,0
-5.64838581437,0,8.93892878521,0,0.278446497013,0,-5.53942369223,0
-5.64729772487,0,9.10306081191,1,0.250475946876,0,-5.47892337645,0
-5.66074246808,0,9.18856618583,0,0.225486747273,0,-5.22819878332,0
-5.65521011318,0,9.43146069513,0,0.201861726497,0,-5.15523198374,0
-5.67419510299,0,9.46989177328,0,0.179998586822,0,-4.94568208023,0
-5.67792498304,0,9.73592840364,0,0.158325262677,0,-4.70033483513,0
-5.68085272555,0,10.0,0,0.138800235348,0,-4.64645471701,0
-5.69078544668,0,9.86594494655,0,0.121191042921,0,-4.43624767009,0
-5.69947059422,0,9.81389084646,0,0.104816453796,0,-4.33235137003,0
-5.73914244298,0,9.93224298373,0,0.0897936266063,0,-4.15612416174,0
-5.77333655904,0,10.0,0,0.0758429691526,0,-3.87722531699,0
-5.77555837326,0,9.92800805539,1,0.063537116976,0,-3.68905452136,0
-5.79570362572,0,9.97407995898,0,0.0524945417947,0,-3.56710989627,0
-5.82904803291,0,9.93245506759,0,0.0428467771458,0,-3.53310769368,0
-5.83154806339,0,10.0,0,0.0347345633363,0,-3.32073119909,0
-5.82871846815,0,9.89641517426,0,0.0281045922656,0,-3.11911127892,0
-5.84933483642,0,9.63750170203,0,0.0227597808724,0,-2.99071960431,0
-5.86102265751,0,9.55339693554,0,0.0188585880454,0,-2.90568673481,0
-5.88369051413,0,9.75983387788,0,0.0162147226975,0,-2.74167473817,0
-5.90742810594,0,9.6280556323,0,0.015028168259,0,-2.55603301455,0
-5.92222826746,0,9.45869704162,0,0.0152652756871,0,-2.36750397111,0
-5.96918084816,0,9.2813812038,1,0.0168159690794,0,-2.18094665539,0
-6.00990431782,0,9.24778313917,0,0.0197359993097,0,-2.0372611593,0
-6.02047840855,0,9.24718785733,0,0.0240539183997,0,-1.90062437473,0
-6.0611127844,0,9.12331329194,0,0.0296919459766,0,-1.76072078557,0
-6.05734556235,0,8.99772134972,0,0.0365862298821,0,-1.59738840176,0
-6.11376762435,0,8.82663857574,0,0.0449174125639,0,-1.46206030278,0
-6.17687896793,0,8.79310481699,0,0.0548066842287,0,-1.32029584939,0
-6.18011694484,0,8.75082238086,0,0.0657599265015,0,-1.20032191077,0
-6.23796452791,0,8.82005991926,0,0.0782696815794,0,-1.09883530736,0
-6.24948920509,0,8.77244122638,0,0.0920344339651,0,-0.9141779001,0
-6.258987122,0,8.72801744534,0,0.107132229303,0,-0.752686365756,0
-6.29041704616,0,8.7639817467,0,0.123195192017,0,-0.608940517462,0
-6.30384374086,0,8.60295578473,0,0.140927397573,0,-0.493709618144,0
-6.34131645463,0,8.49187829722,0,0.159389116989,0,-0.340401253631,0
-6.40070381258,0,8.4332750102,0,0.17991818361,0,-0.202501096205,0
-6.46140506022,0,8.4299766533,0,0.201268072189,0,-0.0670321405516,0
-6.47529519578,0,8.27467143428,0,0.224041384458,0,0.0701885611409,0
-6.53615700422,0,8.33332645134,0,0.247550398199,0,0.206832270747,0
-6.60530694097,0,8.54775115541,0,0.272503391634,0,0.344326540239,0
-6.6371530128,0,8.56722029819,0,0.299642245787,0,0.476565176715,0
-6.64719556554,0,8.36600827568,0,0.326883526892,0,0.604967583165,0
-6.70007240451,0,8.27298301616,0,0.356485324811,0,0.746522288049,0
-6.70012514124,0,8.28553677502,0,0.385792335598,0,0.891330310854,0
-6.72277452263,0,8.17061077734,0,0.416645268986,0,1.02185213442,0
-6.73239080371,0,8.2109230657,0,0.449865918673,0,1.14166281305,0
-6.74726943934,0,8.0369495962,0,0.483696976282,0,1.25222074407,0
-6.79063826356,0,7.982762175,0,0.51878141396,0,1.37192363942,0
-6.82921027421,0,7.86428677595,0,0.555664569272,0,1.47630819947,0
-6.86552815708,0,7.90741103684,0,0.594317932105,0,1.63074015443,0
-6.91225906138,0,7.84995269558,0,0.633254756035,0,1.75509399671,0
-6.95429246335,0,7.82523855049,0,0.674270489929,0,1.88176250629,0
-6.97704309063,0,7.7559540107,0,0.717327933247,0,2.00961647515,0
-6.99298704394,0,7.65823189002,0,0.758979265141,0,2.16439511569,0
-7.01998437024,0,7.83279138528,0,0.79857422169,0,2.27586845501,0
-7.06915108916,0,7.71186133629,0,0.844111004826,0,2.41697061812,0
-7.08117866539,0,7.72055134483,0,0.88383979963,0,2.59104183076,0
-7.09630843882,0,7.66684989419,0,0.928420294112,0,2.76744336521,0
-7.12434544685,0,7.80630020354,0,0.976371273508,0,2.86799409231,0
-7.17783927245,0,7.88817956309,0,1.02705873713,0,2.86623579083,0
-7.20451235415,0,7.84313437798,0,1.07859486816,0,3.03003554802,0
-7.2152734181,0,7.9448893266,0,1.13166262553,0,3.16910497997,0
-7.27736478834,0,7.83963637669,0,1.18329370414,0,3.33929002277,0
-7.30709327647,0,7.71865561177,0,1.23722533626,0,3.45635316331,0
-7.36352239731,0,7.715408636,0,1.29241189916,0,3.59749112688,0
-7.42299426733,0,7.66919348902,0,1.35185656031,0,3.6127200947,0
-7.43865054027,0,7.67224728227,0,1.40961765192,0,3.6939159149,0
-7.46803574226,0,7.79431123332,0,1.46679753792,0,3.8939181223,0
-7.4963109864,0,7.8224031767,0,1.5295765717,0,4.01577071156,0
-7.50293798055,0,7.78501028958,0,1.58810076677,0,4.23344763084,0
-7.54731296224,0,7.80683181154,0,1.64494679913,0,4.38939244027,0
-7.6150973038,0,7.76616827388,0,1.70134772026,0,4.5406458405,0
-7.66217676026,0,7.72914804087,0,1.7597288551,0,4.65625480805,0
-7.72850019436,0,7.61674372087,0,1.82115051073,0,4.75220190636,0
-7.74100813023,0,7.56872114887,0,1.88152103438,0,4.93812390028,0
-7.78128503767,0,7.58561957481,0,1.94160804352,0,5.06882545774,0
-7.82169642691,0,7.73417746308,0,2.01120360953,0,5.2141754382,0
-7.81994551296,0,7.59316750928,0,2.07296480401,0,5.44134241215,0
-7.86118178544,0,7.73310800623,0,2.1374497248,0,5.59678155671,0
-7.86456359215,0,7.78079587279,0,2.20485230535,0,5.63578454443,0
-7.88298761189,0,7.89201047877,0,2.26883429288,0,5.70225175409,0
-7.92273597905,0,7.89138055342,0,2.3374453586,0,5.81728623903,0
-7.94822693233,0,7.94880236046,0,2.41596335021,0,5.93339223998,0
-7.94499570484,0,7.94356033971,0,2.48730285204,0,6.00142988162,0
-7.9842920549,0,8.08298565588,0,2.56436286373,0,6.04235410861,0
-8.01221942105,0,8.06546973705,0,2.6482045668,0,6.1909096568,0
-8.02412591572,0,7.94686271658,0,2.7365851675,0,6.25611126252,0
-8.06219280067,0,8.09031641419,0,2.80398446006,0,6.33031578219,0
-8.07774513722,0,8.21235531448,0,2.88381100258,0,6.44827742656,0
-8.11873828386,0,8.18851977593,0,2.96105353826,0,6.54916564916,0
-8.11438305333,0,8.24128566185,0,3.03615098117,0,6.60096586945,0
-8.13820469484,0,8.44536026095,0,3.10640654739,0,6.77008522105,0
-8.16951921664,0,8.42401774561,0,3.19578320426,0,6.894918018,0
-8.19179990991,0,8.68148050411,0,3.27555197674,0,6.91898778223,0
-8.27239745749,0,8.58289222763,0,3.36893174256,0,7.14227090864,0
-8.34843220685,0,8.53136962325,0,3.4556007135,0,7.23023407805,0
-8.34803810478,0,8.36115875577,0,3.54488433339,0,7.23244424242,0
-8.36839210702,0,8.26872360937,0,3.64111208814,0,7.59848742142,0
-8.40806521326,0,8.28326807687,0,3.73470538537,0,7.69166540233,0
-8.47446320893,0,8.28584309934,0,3.80615817751,0,7.65879897344,0
-8.50752254116,0,8.24201299447,0,3.89670330163,0,7.70265518011,0
-8.5537901235,0,8.27647336855,0,4.00014855505,0,7.81005978557,0
-8.62143939426,0,8.3146193256,0,4.09072729323,0,7.98253969325,0
-8.67373428163,0,8.29726272291,0,4.17211706767,0,8.06627349073,0
-8.70539258185,0,8.36118530617,0,4.25649019702,0,8.12919587984,0
-8.80223462158,0,8.48149287866,0,4.3468707577,0,8.22718401414,0
-8.82687079246,0,8.58322752095,0,4.46126902757,0,8.18991896815,0
-8.82771414503,0,8.61804670911,0,4.57377791531,0,8.05891012285,0
-8.89138958098,0,8.65644582389,0,4.64909753623,0,8.18018527379,0
-8.97007268941,0,8.5051477512,0,4.75803878268,0,8.22206283202,0
-9.02050153255,0,8.62329006501,0,4.85568321095,0,8.62910037525,0
-9.02002320535,1,8.59880958536,0,4.97158849121,0,8.64377412322,0
-9.06817252372,0,8.52656440621,0,5.06163205152,0,8.95771024618,0
-9.13566155466,0,8.61652704196,0,5.15422135554,0,8.8254234866,0
-9.18484838161,0,8.72164918498,0,5.26500504304,0,8.86270743168,0
-9.24856669656,0,8.83326127996,0,5.34196024161,0,9.09739594252,0
-9.28415511693,0,8.75927526124,0,5.43972350767,0,9.13889549067,0
-9.33679388896,0,8.82585429512,0,5.5573906099,0,9.14708863322,0
-9.35895280135,0,8.92875460905,0,5.67274759225,0,9.37287319017,0
-9.3524027008,0,9.17661437295,0,5.76836350889,0,9.38599091807,0
-9.42374029944,0,9.26023991325,0,5.86252636997,0,9.75213784307,0
-9.46497540183,1,9.53710177109,1,5.97457120751,0,9.83470598944,1
-9.47312444924,0,9.59158501908,0,6.09373881779,0,9.97168267001,0
-9.51734744777,0,9.62986926683,0,6.18533136268,0,9.96367345283,0
-9.57885874341,0,9.73388128263,0,6.30756460099,0,10.0,0
-9.62463558702,0,9.64715482743,0,6.4334935316,0,10.0,0
-9.65329928875,0,9.58456866891,0,6.53578793742,0,9.69275702527,0
-9.68888727276,0,9.52414717326,0,6.62652640188,0,9.36807191529,0
-9.70338441575,0,9.49913617285,0,6.7536771531,0,9.22483166968,0
-9.72137202685,0,9.42644622672,0,6.89206488964,0,8.99507432078,0
-9.77146490301,0,9.39339111368,0,7.0202492614,0,8.65396683819,0
-9.79465014783,1,9.49816431857,1,7.13752905577,0,8.36939824729,0
-9.85756349253,0,9.35217071601,0,7.23403046715,0,7.94817465721,0
-9.86067725175,0,9.42631058622,0,7.33501541736,0,7.77095840682,0
-9.95577683325,0,9.35333610821,0,7.42356701923,0,7.61863289054,0
-9.98528762459,0,9.4046100009,0,7.5577504547,0,7.32733417838,0
-10.0,0,9.42823967833,0,7.68728710386,0,7.11436126265,0
-10.0,0,9.55970981821,0,7.79624280838,0,6.84404592558,0
-10.0,0,9.55499890381,0,7.91063035685,0,6.54256406722,0
-9.99225398626,0,9.57878521379,0,8.03139377599,0,6.25182429672,0
-9.95738434884,0,9.48016331682,0,8.17022037984,0,5.89233795533,0
-9.88456264952,1,9.35281404784,1,8.2615744802,0,5.59868328584,0
-9.83951014316,0,9.39374593013,0,8.39991901632,0,5.27612306526,0
-9.84194935608,0,9.40109702637,0,8.54184011196,0,4.93079504421,0
-9.81723873415,0,9.37699945508,0,8.70383536829,0,4.62966555853,0
-9.76830436413,0,9.50014222319,0,8.83056366148,0,4.42930028413,0
-9.73465128053,0,9.44097123485,0,8.94860789508,0,4.2830762427,0
-9.72255424685,0,9.57377260367,0,9.10728477402,0,4.06336051426,0
-9.64335020569,0,9.71580227288,0,9.24297712438,0,3.89969329449,0
-9.61181415629,0,9.85922916407,0,9.36613121638,0,3.61454827273,0
-9.61079001021,0,9.94124638879,0,9.47097135321,0,3.37906005008,0
-9.61372339958,1,9.83227298165,1,9.57409848074,1,3.18878547741,0
-9.61110697191,0,9.9172319518,0,9.69282620202,0,2.92240805302,0
-9.61358295549,0,10.0,0,9.77266903646,0,2.67430967166,0
-9.5858029431,0,9.72543805968,0,9.90850347724,0,2.44081045185,0
-9.52358775199,0,9.4051143113,0,10.0,0,2.24181371851,0
-9.50738057986,0,9.26109914323,0,10.0,0,1.97070674916,0
-9.47621799814,0,8.96962782612,0,9.94220951872,0,1.72394684579,0
-9.40231954713,0,8.84211606235,0,9.88460342947,0,1.4566755669,0
-9.36089983443,0,8.6041627722,0,9.77106006911,0,1.24355343331,0
-9.30477944362,0,8.51421135581,0,9.66237242308,0,1.02446569829,0
-9.27638597342,1,8.45969395436,0,9.56808905597,1,0.788650367491,0
-9.31139372669,0,8.30521071106,0,9.4762742081,0,0.540483792442,0
-9.31013274091,0,8.15213893232,0,9.39728850516,0,0.317110004362,0
-9.29094978865,0,7.90314606649,0,9.31390391322,0,0.0841593863108,0
-9.26039663691,0,7.6702659449,0,9.24429251234,0,-0.146029462521,0
-9.23728354124,0,7.6308423619,0,9.13594475663,0,-0.377428535262,0
-9.25550485782,0,7.59395331195,0,9.04344085653,0,-0.616028091791,0
-9.22370840596,0,7.58772174667,0,8.96753960808,0,-0.85034449255,0
-9.19078299873,0,7.5112867435,0,8.86262545383,0,-1.08716989653,0
-9.14769924414,0,7.54960020648,0,8.78978482073,0,-1.29355840565,0
-9.12269296514,1,7.23487422637,0,8.71842078598,0,-1.53452590727,0
-9.10092167097,0,7.23060990649,0,8.59011190092,0,-1.72461448974,0
-9.07760356293,0,7.04806802356,0,8.49108560812,0,-1.97520970715,0
-8.9950676764,0,6.85038400066,0,8.37735276814,0,-2.21732412213,0
-8.9733224225,0,6.75433086484,0,8.29245007887,0,-2.40597808924,0
-8.96880034688,0,6.66741506851,0,8.17760460521,0,-2.59279663443,0
-8.98909986648,0,6.4370906165,0,8.06429121161,0,-2.78152722776,0
-8.96768970183,0,6.38294597971,0,7.97189084457,0,-2.93968633858,0
-8.89143495082,0,6.28804405408,0,7.88464569784,0,-3.11039158656,0
-8.83569395833,0,6.15277726404,0,7.79103859014,0,-3.29432608202,0
-8.8147515784,0,5.93154543379,0,7.69760411655,0,-3.50965291444,0
-8.743607647,0,5.97494626672,0,7.62725078949,0,-3.72290649242,0
-8.73516439384,0,5.82380756236,0,7.54570752927,0,-3.96751994437,0
-8.73148400102,0,5.63956616932,0,7.46173438876,0,-4.08921256989,0
-8.70077244019,0,5.44950048478,0,7.36873869687,0,-4.28350323256,0
-8.62736010562,0,5.18700956758,0,7.25841808161,0,-4.52099064117,0
-8.65297753276,0,5.16667068932,0,7.14553189011,0,-4.77181525537,0
-8.65254598252,0,5.04777724369,0,7.04439190673,0,-4.9660318547,0
-8.57372186329,0,4.91652604817,0,6.97338627323,0,-5.18070786255,0
-8.50901504249,0,4.7512917484,0,6.85043962873,0,-5.31660254109,0
-8.54487418016,0,4.72171305901,0,6.74921765285,0,-5.41039255015,0
-8.46095259424,0,4.57662965392,0,6.62550806409,0,-5.72829727806,0
-8.45202737365,0,4.39933386535,0,6.53725040918,0,-5.97267536135,0
-8.39935287564,0,4.3273902415,0,6.44804224438,0,-6.2722801728,0
-8.44243424644,0,4.14716933567,0,6.35327342707,0,-6.53812536524,0
-8.46948433792,0,3.87660597229,0,6.23915232477,0,-6.80455569349,0
-8.4182293632,0,3.78425341234,0,6.15358522845,0,-6.95152644598,0
-8.38954442122,0,3.65641544004,0,6.03100384576,0,-7.30486971631,0
-8.368721479,0,3.59188652581,0,5.95600966017,0,-7.63534121276,0
-8.35171008772,0,3.48409127925,0,5.89139602075,0,-7.86489638136,0
-8.29736467535,0,3.39793321303,0,5.77661315987,0,-8.02393977355,0
-8.25730173729,0,3.31180675569,0,5.65159460714,0,-8.21788293143,0
-8.22037940723,0,3.25261196927,0,5.55802719037,0,-8.35527513636,0
-8.20751248648,0,3.0955861841,0,5.47766580828,0,-8.46159835079,0
-8.18936723364,0,3.02285359709,0,5.38476634407,0,-8.76208748187,0
-8.17954078529,0,2.88347187649,0,5.28373074176,0,-8.93302988127,0
-8.15653651824,0,2.79959333791,0,5.20974422405,0,-9.22286620181,0
-8.08526530204,0,2.67330426652,0,5.11599732413,0,-9.84030771476,0
-8.07427310286,0,2.52237202557,0,5.00522493326,0,-10.0,0
-8.08612878071,0,2.4099552951,0,4.90119055906,0,-9.88909100934,0
-8.07068408362,0,2.31978138836,0,4.81438015674,0,-9.9120398126,1
-8.01696877569,0,2.18049742794,0,4.71274967109,0,-10.0,0
-8.01653260907,0,2.07540871985,0,4.60285704459,0,-9.97562685394,0
-8.04031435561,0,1.93634452824,0,4.51389056327,0,-9.56091291235,0
-8.05169954971,0,1.822764417,0,4.42776674185,0,-9.22202154775,0
-8.02370383944,0,1.73398272662,0,4.32677835555,0,-9.12816781157,0
-8.03281696901,0,1.61434107796,0,4.23190059508,0,-8.94518247745,0
-8.00894916156,0,1.50988580245,0,4.13785388983,0,-8.95478137634,0
-7.96954979926,0,1.41601445989,0,4.03417782484,0,-8.75865580768,0
-7.95920501223,0,1.32343760458,0,3.93841827865,0,-8.58573488053,0
-7.95442046698,0,1.19775692214,0,3.84891631839,0,-8.10256303335,0
-7.94877701176,0,1.08187966071,0,3.75034677328,0,-8.00598476082,0
-7.93159271486,0,0.989717079367,0,3.6689232313,0,-7.81907236649,0
-7.89873253455,0,0.876251093951,0,3.57026071191,0,-7.76648396644,0
-7.84158992871,0,0.776677522483,0,3.45800642411,0,-7.58112595789,0
-7.84433743044,0,0.682080932138,0,3.35812519063,0,-7.25723506167,0
-7.81525802642,0,0.591682393675,0,3.2644336687,0,-7.07215763259,0
-7.78645706,0,0.50222602964,0,3.16619746325,0,-6.90587210436,0
-7.75576651436,0,0.411363230699,0,3.0713563672,0,-6.79674063648,0
-7.74508560585,0,0.3177702097,0,2.96551124397,0,-6.78521971943,0
-7.71227142211,0,0.227910357647,0,2.86962529282,0,-6.47214658083,0
-7.64937418338,0,0.13338964741,0,2.77445801448,0,-6.2969241262,0
-7.58760102979,0,0.0402208880626,0,2.67892769664,0,-6.08859953074,0
-7.59292693587,0,-0.052679568574,0,2.56547139769,0,-5.99989579291,0
-7.54422165335,0,-0.145660997073,0,2.4607200397,0,-5.84140441372,0
-7.49757621614,0,-0.240963511554,0,2.35702489173,0,-5.81623135317,0
-7.4985892857,0,-0.330093237988,0,2.25196657588,0,-5.61952258743,0
-7.50792183276,0,-0.41816455108,0,2.15406896802,0,-5.35489512852,0
-7.48877958924,0,-0.50441826598,0,2.0457880034,0,-5.17570987834,0
-7.46087547582,0,-0.59425534009,0,1.95482652071,0,-5.0523235088,0
-7.43366512167,0,-0.66938012376,0,1.85488165155,0,-4.95408235858,0
-7.42207342148,0,-0.763822926881,0,1.75075756854,0,-4.8810288997,0
-7.42911469632,0,-0.857764189466,0,1.6571665191,0,-4.70090623706,0
-7.41032127414,0,-0.9394391769,0,1.56310432089,0,-4.65548646351,0
-7.41022163061,0,-1.03335329707,0,1.46077074581,0,-4.62940847011,0
-7.37619719851,0,-1.1115068944,0,1.36269215818,0,-4.52643189409,0
-7.35338725168,0,-1.20918374034,0,1.25944097903,0,-4.41019127731,0
-7.35661715951,0,-1.27827122245,0,1.15501781781,0,-4.29064821019,0
-7.34431457738,0,-1.39076343495,0,1.0543400441,0,-4.10101568459,0
-7.29055682662,0,-1.47095982004,0,0.95961726959,0,-3.90714391276,0
-7.28176699748,0,-1.5357641733,0,0.859959558827,0,-3.85537892384,0
-7.27013797417,0,-1.6212861714,0,0.757896873885,0,-3.77722230026,0
-7.21001735675,0,-1.6929880659,0,0.660282901256,0,-3.62867712478,0
-7.21414985834,0,-1.78684021224,0,0.563136829772,0,-3.49525988758,0
-7.19502046686,0,-1.87546924215,0,0.460755890683,0,-3.41115530266,0
-7.13989641518,0,-1.93047122158,0,0.361791832405,0,-3.27738008635,0
-7.0962495287,0,-1.98213963241,0,0.263054772705,0,-3.10472951062,0
-7.06083381864,0,-2.04700469897,0,0.16292212103,0,-3.04141189394,0
-6.99756415319,0,-2.14223909636,0,0.0637238416209,0,-2.99271448167,0
-6.94566438104,0,-2.21114307594,0,-0.0357354720476,0,-2.86312777635,0
-6.94715184352,0,-2.29382581841,0,-0.135319923695,0,-2.79693570327,0
-6.92656590624,0,-2.36972004834,0,-0.234623805707,0,-2.67230902706,0
-6.91596238587,0,-2.4511935253,0,-0.332854868908,0,-2.61082383172,0
-6.90393139259,0,-2.54200061269,0,-0.43320034577,0,-2.45865525931,0
-6.89521225437,0,-2.59409338918,0,-0.533795004469,0,-2.36912024654,0
-6.86134294676,0,-2.66994629152,0,-0.63352817187,0,-2.20883930496,0
-6.8329397573,0,-2.728078735,0,-0.732960570369,0,-2.08033273609,0
-6.78801708442,0,-2.75268719552,0,-0.834395053859,0,-1.87921372926,0
-6.75560194394,0,-2.81165596362,0,-0.935155887757,0,-1.73364871825,0
-6.74165341706,0,-2.85863173685,0,-1.03203383791,0,-1.6506595769,0
-6.71357100895,0,-2.9276551576,0,-1.13641392281,0,-1.55910515434,0
-6.70039496575,0,-2.9925397357,0,-1.2383997012,0,-1.42742518651,0
-6.65085927676,0,-3.06242791298,0,-1.33702890715,0,-1.29300671074,0
-6.64495920737,0,-3.19536791093,0,-1.43588289648,0,-1.15712572433,0
-6.61844172285,0,-3.29344829853,0,-1.53552006902,0,-1.02906417522,0
-6.6113484238,0,-3.34377809826,0,-1.63540066121,0,-0.920065074222,0
-6.58337559031,0,-3.3983376978,0,-1.73665625685,0,-0.777129134839,0
-6.56371454087,0,-3.41096585585,0,-1.83430497578,0,-0.644126623399,0
-6.54456399119,0,-3.51400065308,0,-1.93841995473,0,-0.521894588726,0
-6.50377013357,0,-3.55233348154,0,-2.04346924129,0,-0.392474160023,0
-6.45261160267,0,-3.66999534845,0,-2.15331212566,0,-0.256747641921,0
-6.41601619499,0,-3.76502445976,0,-2.26386526757,0,-0.134977170127,0
-6.36499084171,0,-3.78082328054,0,-2.3730252648,0,-0.0128844886843,0
-6.32789255994,0,-3.87086455095,0,-2.47533934692,0,0.10999550979,0
-6.31938973329,0,-3.95274832197,0,-2.58339801719,0,0.228815670593,0
-6.30374522789,0,-3.95389780963,0,-2.68196231506,0,0.352484178322,0
-6.24219705292,0,-4.01559363384,0,-2.79190315949,0,0.467429587181,0
-6.23635798286,0,-4.06792024442,0,-2.8845262541,0,0.589712511802,0
-6.17818605141,0,-4.10439519318,0,-2.97976187983,0,0.717313480106,0
-6.19733239822,0,-4.19194987682,0,-3.07789278846,0,0.854237438701,0
-6.16194879246,0,-4.23704075051,0,-3.18603456408,0,0.990235964132,0
-6.17309899299,0,-4.22225068193,0,-3.27721363767,0,1.12412708426,0
-6.12940448734,0,-4.34382692761,0,-3.37842385893,0,1.2572871864,0
-6.10944301927,0,-4.38181557795,0,-3.48393901599,0,1.37342135445,0
-6.07343390749,0,-4.44295489058,0,-3.58863441462,0,1.49344512778,0
-6.05791024919,0,-4.56688734754,0,-3.69367340436,0,1.63828050504,0
-6.03968043427,0,-4.62285192768,0,-3.7931948533,0,1.70524579982,0
-6.01612431746,0,-4.75833602344,0,-3.9057456372,0,1.83417446256,0
-6.0329774654,0,-4.7702341355,0,-4.00896196285,0,1.96731324951,0
-5.99911948787,0,-4.79683028271,0,-4.10487368331,0,2.0758594012,0
-5.97910868973,0,-4.82246032361,0,-4.20997271589,0,2.24963769749,0
-5.96629086304,0,-4.92405168527,0,-4.31296373235,0,2.36166390249,0
-5.9423674869,0,-4.92646079692,0,-4.44575755922,0,2.39966856635,0
-5.93080583718,0,-4.90518088577,0,-4.54800867653,0,2.53638659149,0
-5.88938653443,0,-4.99643080002,0,-4.64381475167,0,2.66298509533,0
-5.84939651667,0,-5.04142478503,0,-4.73276197895,0,2.75109111935,0
-5.82283595417,0,-5.27558734593,0,-4.84766697548,0,2.88366029256,0
-5.7751537517,0,-5.35964678591,0,-4.96372846191,0,3.00729826802,0
-5.73869573291,0,-5.43251213567,0,-5.04861470854,0,3.18204881661,0
-5.67691138415,0,-5.57261018281,0,-5.13494727014,0,3.29741068019,0
-5.65623563939,0,-5.66298703152,0,-5.20920987073,0,3.39044748965,0
-5.62174519042,0,-5.72108004051,0,-5.29909854853,0,3.52293608179,0
-5.60214572362,0,-5.84615113979,0,-5.41572521839,0,3.69867358583,0
-5.58054884308,0,-5.83147041044,0,-5.52932956763,0,3.7154807813,0
-5.55641676901,0,-5.8723117243,0,-5.63656702836,0,3.82515837737,0
-5.53757969063,0,-6.03201343554,0,-5.72108046022,0,3.90835773894,0
-5.53283687377,0,-6.06787786188,0,-5.80446635658,0,4.06064473737,0
-5.49963557585,0,-6.09928444945,0,-5.90515082318,0,4.16635253061,0
-5.46740352784,0,-5.95949708543,0,-6.02713388093,0,4.2737677747,0
-5.45632253795,0,-5.98030927255,0,-6.12876341562,0,4.44465030033,0
-5.43474820288,0,-5.96345453434,0,-6.18706276118,0,4.54206219864,0
-5.40265559857,0,-6.12328268686,0,-6.28774015673,0,4.8234799265,0
-5.35172219973,0,-6.07164616954,0,-6.39323019915,0,4.84353260359,0
-5.33254030393,0,-6.15202130399,0,-6.51483545959,0,5.0218668936,0
-5.29975188475,0,-6.29005438759,0,-6.61270147553,0,5.10526516975,0
-5.25953405387,0,-6.20828210256,0,-6.72049046168,0,5.20675297992,0
-5.242582861,0,-6.13709155614,0,-6.82674962081,0,5.33623252755,0
-5.20311392686,0,-6.1351953782,0,-6.90787839175,0,5.3515963818,0
-5.16725562301,0,-6.13226874971,0,-6.99270423969,0,5.45630820291,0
-5.17091579059,0,-6.22048859126,0,-7.08664273969,0,5.76363608768,0
-5.12800753169,0,-6.32166678062,0,-7.19242914811,0,5.82620720465,0
-5.08815881688,0,-6.46799121026,0,-7.29711754665,0,5.80813185018,0
-5.0606668121,0,-6.43679816441,0,-7.41039295891,0,5.94148178114,0
-5.02156885873,0,-6.4277901439,0,-7.52301746397,0,6.08885634842,0
-4.96955579253,0,-6.3794410908,0,-7.63348656488,0,6.20541213723,0
-4.93688899416,0,-6.43538169781,0,-7.69787537446,0,6.38367988184,0
-4.90304254025,0,-6.52393555705,0,-7.77336271977,0,6.43788171084,0
-4.86258488515,0,-6.55326701022,0,-7.86768145057,0,6.34147964905,0
-4.84771700521,0,-6.50850707098,0,-7.98822429494,0,6.45234832128,0
-4.80574490249,0,-6.54622760493,0,-8.12746410627,0,6.63308153075,0
-4.79602738113,0,-6.57872295668,0,-8.22457712283,0,6.75738632119,0
-4.78014349569,0,-6.55612488258,0,-8.30467475989,0,6.81284600946,0
-4.75144417594,0,-6.70772515451,0,-8.39053522958,0,7.03044993278,0
-4.71685549313,0,-6.67983303649,0,-8.46209863586,0,7.13079561534,0
-4.69132163444,0,-6.63021330107,0,-8.55779848179,0,7.1210366528,0
-4.64771440698,0,-6.5466927093,0,-8.66675727395,0,7.18522105349,0
-4.63109949603,0,-6.66110226835,0,-8.79464462572,0,7.39542071987,0
-4.59265657669,0,-6.64363356707,0,-8.8854839959,0,7.51049176025,0
-4.55512650245,0,-6.81317605508,0,-8.9985529797,0,7.63643623837,0
-4.53151115551,0,-6.75988663874,0,-9.08238482168,0,7.97689741761,0
-4.51902660866,0,-6.84439689925,0,-9.21065143774,1,7.86844443529,0
-4.50542052081,0,-6.82722146046,0,-9.30242770819,0,7.93801757056,0
-4.45450788083,0,-6.78228529912,0,-9.38556611317,0,7.85974508975,0
-4.42882560673,0,-6.75458716647,0,-9.42355473822,0,8.07029878443,0
-4.42003947872,0,-6.76370573648,0,-9.55960446667,0,8.26911176075,0
-4.38681822444,0,-6.8055545673,0,-9.66501946452,0,8.4906243965,0
-4.39456633967,0,-6.71836179003,0,-9.76125728538,0,8.61070007818,0
-4.37402132472,0,-6.78969014298,0,-9.85932232394,0,8.86673606477,0
-4.33553588882,0,-6.94720416151,0,-9.96697182655,0,8.98772837003,0
-4.31789588436,0,-7.0681716162,0,-10.0,0,8.97181875597,0
-4.29555700206,0,-7.14045684561,0,-9.93960759736,1,8.89494609265,0
-4.28002882339,0,-7.2528654864,0,-9.88906144842,0,8.95789110002,0
-4.26090636727,0,-7.25770787123,0,-9.85528773458,0,8.96713003717,0
-4.23583718552,0,-7.30646101927,0,-9.80128611623,0,9.05995170599,0
-4.21208181103,0,-7.32659965396,0,-9.79679668658,0,9.2852990673,0
-4.17486257713,0,-7.48740487417,0,-9.71856761369,0,9.72033857347,0
-4.14721304656,0,-7.57477910039,0,-9.70449139739,0,10.0,0
-4.1398169635,0,-7.6163788705,0,-9.66598546763,0,9.89618427662,0
-4.11060914888,0,-7.73767912638,0,-9.61471583897,0,9.93334810153,0
-4.07773705508,0,-7.87570206434,0,-9.58443729038,0,9.40380780764,0
-4.05336747471,0,-8.11260752201,0,-9.58552702777,1,9.1257238124,1
-4.04949064589,0,-8.14651280929,0,-9.546801418,0,8.86441030641,0
-4.03315455136,0,-8.02946553557,0,-9.51321710571,0,8.52842330774,0
-3.98799554971,0,-7.83587990317,0,-9.49609424333,0,8.26076610524,0
-3.95524355104,0,-7.74852411199,0,-9.46312294757,0,8.2115229179,0
-3.93337590005,0,-7.76400750602,0,-9.44525253562,0,7.94596667479,0
-3.93585598111,0,-7.73229804342,0,-9.43551362659,0,7.82545419828,0
-3.89893014639,0,-7.81266880234,0,-9.37761904404,0,7.81006678027,0
-3.86068343532,0,-7.9874635981,0,-9.32889300621,0,7.79546986137,0
-3.81108459536,0,-7.9062022287,0,-9.31842019312,0,7.64428836412,0
-3.791321818,0,-8.02891043438,0,-9.30245111069,1,7.30021982219,0
-3.75046103103,0,-8.01937595827,0,-9.25309616238,0,7.15434541068,0
-3.72757736522,0,-8.08420072616,0,-9.2375388766,0,7.14564987128,0
-3.71395404212,0,-8.05530565086,0,-9.17707191316,0,6.9997524281,0
-3.67359471588,0,-8.06666240822,0,-9.16228971868,0,6.89613589399,0
-3.65495529082,0,-8.26197247848,0,-9.1138121102,0,6.62427768057,0
-3.61098875354,0,-8.22368593756,0,-9.06492923046,0,6.58991302597,0
-3.58120101113,0,-8.10638854232,0,-9.02044108746,0,6.48586372178,0
-3.55209664695,0,-7.95923254778,0,-8.99059728675,0,6.32130192191,0
-3.51857089122,0,-8.09981654939,0,-9.00223298533,0,6.16898755797,0
-3.49307362457,0,-8.18219365874,0,-8.94913564081,0,6.03003690641,0
-3.47110550979,0,-7.96587096006,0,-8.95361810279,0,6.03236082431,0
-3.42856123636,0,-8.05375925439,0,-8.89333085579,0,5.81068214645,0
-3.4037575687,0,-8.02047127715,0,-8.87146779418,0,5.56751560124,0
-3.36397179786,0,-7.94339734897,0,-8.84721737221,0,5.52046045608,0
-3.32789127289,0,-7.87700209013,0,-8.81305220407,0,5.44547471285,0
-3.28939514847,0,-7.69514841203,0,-8.82604357493,0,5.26715276911,0
-3.25369798758,0,-7.70040833141,0,-8.78757918061,0,4.91871358303,0
-3.22647175475,0,-7.60384316139,0,-8.72484079951,0,4.78801215394,0
-3.18366165668,0,-7.71593233025,0,-8.68376446685,0,4.70819685824,0
-3.15675508141,0,-7.88176261673,0,-8.63390813599,0,4.6360056912,0
-3.13554731006,0,-7.87822889309,0,-8.62092371595,0,4.58972260073,0
-3.10618178449,0,-7.90972550039,0,-8.62448858779,0,4.38267308039,0
-3.07513578981,0,-7.78605010851,0,-8.63360285561,0,4.3472522297,0
-3.03941846522,0,-7.7304378597,0,-8.58643663281,0,4.26502121238,0
-3.00601258444,0,-7.73912141321,0,-8.5830716583,0,4.11488257198,0
-2.97280034946,0,-7.72709077473,0,-8.54621646754,0,3.96313019209,0
-2.93385457618,0,-7.7495394125,0,-8.52681728586,0,3.84362062928,0
-2.88860727766,0,-7.78209411043,0,-8.55316426487,0,3.66227877561,0
-2.85819515222,0,-7.94846391559,0,-8.56365726296,0,3.56576288191,0
-2.80977618172,0,-7.92751679125,0,-8.53398891857,0,3.32932168988,0
-2.76887727669,0,-8.06157672982,0,-8.54018014528,0,3.21667730474,0
-2.74362851222,0,-7.97362139854,0,-8.49949460885,0,3.12416975779,0
-2.7136066724,0,-7.97368845063,0,-8.5039223096,0,2.9615020555,0
-2.69429442467,0,-8.04611746217,0,-8.47231693197,0,2.91241985473,0
-2.65078540427,0,-8.16300550504,0,-8.45824136389,0,2.8619677822,0
-2.6163533942,0,-8.10908075966,0,-8.42593236133,0,2.77274052018,0
-2.58675194739,0,-8.17634945112,0,-8.45014533488,0,2.66296599985,0
-2.5545054008,0,-8.14261030148,0,-8.44082273442,0,2.54534076032,0
-2.52872631345,0,-8.02534816574,0,-8.41613158161,0,2.46879862481,0
-2.50200547917,0,-7.89679979267,0,-8.41504902993,0,2.37373502571,0
-2.4740600259,0,-8.02653033657,0,-8.3974746264,0,2.19240677214,0
-2.44136405954,0,-8.0991998197,0,-8.40087358563,0,2.0850986426,0
-2.40595153807,0,-8.16932690905,0,-8.37926186829,0,1.97468131496,0
-2.37364241241,0,-8.31058794284,0,-8.37715103487,0,1.84356933492,0
-2.34139834616,0,-8.38401279167,0,-8.36367331359,0,1.66791279037,0
-2.31891528573,0,-8.34172143396,0,-8.34483627764,0,1.52697419807,0
-2.29269150775,0,-8.4888623697,0,-8.31701279225,0,1.42649763397,0
-2.26224776711,0,-8.49221748192,0,-8.31366174752,0,1.33433413786,0
-2.22835039991,0,-8.4133374529,0,-8.29899770082,0,1.22846854516,0
-2.19459231359,0,-8.52602086831,0,-8.31875027933,0,1.14433613879,0
-2.17109759532,0,-8.45653653997,0,-8.3429938514,0,1.03903925811,0
-2.12138954698,0,-8.41090572683,0,-8.32619361172,0,0.9381460327,0
-2.09402264629,0,-8.47913646968,0,-8.28146970236,0,0.823091104383,0
-2.05345325662,0,-8.71905150934,0,-8.33276351035,0,0.722497845619,0
-2.02149401804,0,-8.51451968409,0,-8.32757907728,0,0.632294037713,0
-1.99445377186,0,-8.50262685864,0,-8.30410272383,0,0.533009016848,0
-1.96560335006,0,-8.35465115187,0,-8.30688256495,0,0.424442673851,0
-1.93791271856,0,-8.44785436419,0,-8.31626960767,0,0.323362018482,0
-1.913165721,0,-8.48199188158,0,-8.32128713019,0,0.220602752732,0
-1.88600361903,0,-8.59909519165,0,-8.35536485407,0,0.119094772572,0
-1.85893374863,0,-8.55989750184,0,-8.41177278418,0,0.0193481265106,0
-1.83600136231,0,-8.52285539839,0,-8.43587173211,0,-0.0793488245774,0
-1.81018768688,0,-8.7077541441,0,-8.43193845251,0,-0.177198232179,0
-1.76951006919,0,-8.70635543867,0,-8.47085106902,0,-0.274778540856,0
-1.74860173668,0,-8.88373802311,0,-8.46072130079,0,-0.361882495943,0
-1.72071649835,0,-8.88376610663,0,-8.40814276079,0,-0.454906420679,0
-1.68724750115,0,-8.88482769037,0,-8.40516163388,0,-0.542219606367,0
-1.65170843411,0,-8.93707511556,0,-8.37719523408,0,-0.624162503641,0
-1.61105675709,0,-8.98775901586,0,-8.39222218856,0,-0.723640411769,0
-1.56909197426,0,-8.97171164348,0,-8.40948957991,0,-0.805645124133,0
-1.53491777602,0,-8.87343765971,0,-8.38743136842,0,-0.899506376152,0
-1.50166184844,0,-8.8412737125,0,-8.40619054954,0,-0.997598903199,0
-1.47349331877,0,-8.91389870179,0,-8.41079606556,0,-1.08301620796,0
-1.44006919974,0,-8.96030397709,0,-8.41039389275,0,-1.17217080981,0
-1.40506313729,0,-8.64380365848,0,-8.39413689312,0,-1.23602773289,0
-1.37291495459,0,-8.73797435023,0,-8.43215668376,0,-1.33954532964,0
-1.34457239197,0,-8.76948661083,0,-8.44340609599,0,-1.40053096504,0
-1.31869605635,0,-8.69714368573,0,-8.47778393801,0,-1.45098422053,0
-1.29320276155,0,-8.5808865618,0,-8.45845853133,0,-1.57929119638,0
-1.2626555713,0,-8.54174309712,0,-8.46174104472,0,-1.69356435461,0
-1.23514509123,0,-8.52955501987,0,-8.43623643825,0,-1.7876994586,0
-1.20822663345,0,-8.6602408386,0,-8.4548016729,0,-1.84083407765,0
-1.1774274714,0,-8.70361803282,0,-8.52656617545,0,-1.91776668155,0
-1.15502611366,0,-8.59649492374,0,-8.56641631027,0,-1.98609358231,0
-1.11965326477,0,-8.83639040516,0,-8.59021947038,0,-2.08673108232,0
-1.08986241108,0,-8.68404132888,0,-8.62090641665,0,-2.15004434571,0
-1.05595990361,0,-8.71921903227,0,-8.62804321279,0,-2.28510417203,0
-1.0188969628,0,-8.78966470852,0,-8.64486317097,0,-2.33469481418,0
-0.987177288402,0,-8.86607679867,0,-8.67941113459,0,-2.49053799351,0
-0.953848304641,0,-8.91029364319,0,-8.70110064215,0,-2.60282821272,0
-0.924995827818,0,-8.84216173589,0,-8.71411735902,0,-2.69627270191,0
-0.893902649287,0,-8.85760975281,0,-8.74330510452,0,-2.81477907913,0
-0.861576618378,0,-8.87437654125,0,-8.78379229611,0,-2.83474130125,0
-0.833541454643,0,-8.76880258799,0,-8.83033715295,0,-2.89128257207,0
-0.801775163332,0,-8.96424534741,0,-8.85145400276,0,-2.99645871209,0
-0.771424330394,0,-8.93307808698,0,-8.90334073343,0,-3.05645188032,0
-0.73815462745,0,-8.86587364633,0,-8.93668612075,0,-3.12386740377,0
-0.708094815828,0,-8.90281088073,0,-8.96964414347,0,-3.10307393446,0
-0.678597616203,0,-9.00714186347,0,-8.98202074436,0,-3.14835347083,0
-0.643320291945,0,-9.21718425519,1,-8.98481301299,0,-3.20441044458,0
-0.616469492724,0,-9.32618299681,0,-9.00395093955,0,-3.25321063102,0
-0.584853320891,0,-9.23434106531,0,-9.01847651066,0,-3.31102731296,0
-0.5560038182,0,-9.41953255382,0,-9.04328414801,0,-3.34745693441,0
-0.52511107003,0,-9.74358848705,0,-9.07481718865,0,-3.38578045063,0
-0.493740764578,0,-9.64179656272,0,-9.07388626068,0,-3.47542224254,0
-0.465107100171,0,-9.60750708808,0,-9.07653247455,0,-3.51050633486,0
-0.437666784521,0,-9.71960306121,0,-9.1034081892,0,-3.51445270286,0
-0.405767151392,0,-9.61611579199,0,-9.12663942599,0,-3.68774010585,0
-0.376513615673,0,-9.83699191789,0,-9.1527184599,0,-3.77529631509,0
-0.347249203204,0,-9.84284908563,1,-9.18733942607,1,-3.97616797084,0
-0.315994931114,0,-9.78669284854,0,-9.22356910943,0,-3.98885079962,0
-0.286198279899,0,-9.63664795453,0,-9.30324840538,0,-4.07281958865,0
-0.256938448768,0,-9.58761200917,0,-9.2923089169,0,-4.04414604007,0
-0.226322446173,0,-9.70558564892,0,-9.32313733541,0,-4.14204100507,0
-0.19647678034,0,-9.69312767508,0,-9.33388071759,0,-4.03133510579,0
-0.166650638121,0,-9.6616009231,0,-9.36048370326,0,-4.1511378204,0
-0.136834601292,0,-9.67690474388,0,-9.36394444248,0,-4.17952899832,0
-0.105452963349,0,-9.74046920844,0,-9.43805489054,0,-4.16159908749,0
-0.0745829629576,0,-9.58039458749,0,-9.4589601327,0,-4.2259026701,0
-0.0445361426158,0,-9.38375374526,1,-9.48185826643,1,-4.20368335371,0
-0.01411443733,0,-9.31016996867,0,-9.53965427754,0,-4.2435784655,0
0.0162712292493,0,-9.26155808365,0,-9.58785720477,0,-4.3042493235,0
0.0466647836122,0,-9.3039509405,0,-9.63705861388,0,-4.44688935778,0
0.0773361511442,0,-9.21570542628,0,-9.64552581181,0,-4.52088019775,0
0.107685137091,0,-9.24233198116,0,-9.69027619545,0,-4.52967443748,0
0.137945198057,0,-9.30350718532,0,-9.69522214531,0,-4.69189195367,0
0.168270521217,0,-9.17629803914,0,-9.73855803055,0,-4.64514330255,0
0.198640578832,0,-9.12544961742,0,-9.74854556535,0,-4.81784470708,0
0.228739104717,0,-9.27983234641,0,-9.81130846052,0,-4.73772699412,0
0.259279868627,0,-9.28927648713,1,-9.86060008873,1,-4.93122323324,0
0.288812170077,0,-9.30998578953,0,-9.89277646301,0,-5.1030480981,0
0.319773599803,0,-9.15865925581,0,-9.93536945498,0,-5.10469070644,0
0.349624915712,0,-9.20721489719,0,-9.96235092384,0,-5.04215627552,0
0.379227845898,0,-9.21966692828,0,-9.98166490466,0,-5.20221032606,0
0.40853622301,0,-9.17172562124,0,-10.0,0,-5.32478647717,0
0.436339834944,0,-9.18657659704,0,-9.99407545734,0,-5.42254600979,0
0.468870321832,0,-9.27072949503,0,-9.89701792141,0,-5.45462828128,0
0.498217126973,0,-9.34847478891,0,-9.87901909359,0,-5.52388534909,0
0.527608655381,0,-9.44994314978,0,-9.91373465642,0,-5.52243424832,0
