# Simulation data produced by HOMEO---the homeostat simulation program
# Data printed on: 2013-05-29 10:53:55.895793
# There were exactly 4 units in this simulation
Unit-1,Unit-1_unisel,Unit-2,Unit-2_unisel,Unit-3,Unit-3_unisel,Unit-4,Unit-4_unisel,
0,-0.28835000,0.00000000,0.13890184,0.00000000,-0.45539701,0.00000000,-0.50690326,0.00000000
1,-0.25710000,0.00000000,0.12244059,0.00000000,-0.45931395,0.00000000,-0.50268706,0.00000000
2,-0.24308906,0.00000000,0.14842547,0.00000000,-0.43715307,0.00000000,-0.49884374,0.00000000
3,-0.23415240,0.00000000,0.13790182,0.00000000,-0.44695297,0.00000000,-0.49857461,0.00000000
4,-0.28742000,0.00000000,0.13890000,0.00000000,-0.45540000,0.00000000,-0.50207816,0.00000000
5,-0.26502645,0.00000000,0.14036328,0.00000000,-0.45186149,0.00000000,-0.50844807,0.00000000
6,-0.26458118,0.00000000,0.13500247,0.00000000,-0.43466212,0.00000000,-0.50553076,0.00000000
7,-0.25710000,0.00000000,0.14965099,0.00000000,-0.42766967,0.00000000,-0.50312449,0.00000000
8,-0.25328678,0.00000000,0.13826255,0.00000000,-0.43062942,0.00000000,-0.49828431,0.00000000
9,-0.24309000,0.00000000,0.14842000,0.00000000,-0.45932000,0.00000000,-0.50273403,0.00000000
10,-0.25923000,0.00000000,0.13730000,0.00000000,-0.45662000,0.00000000,-0.49820800,0.00000000
11,-0.25501000,0.00000000,0.10242000,0.00000000,-0.45969000,0.00000000,-0.49042000,0.00000000
12,-0.26430000,0.00000000,0.09841000,0.00000000,-0.45216000,0.00000000,-0.49998000,0.00000000
13,-0.29027000,0.00000000,0.10715000,0.00000000,-0.43572000,0.00000000,-0.50518000,0.00000000
14,-0.27349000,0.00000000,0.11680000,0.00000000,-0.46213000,0.00000000,-0.50715000,0.00000000
15,-0.29621000,0.00000000,0.11206000,0.00000000,-0.47081000,0.00000000,-0.50706000,0.00000000
16,-0.26922000,0.00000000,0.08729000,0.00000000,-0.46632000,0.00000000,-0.50905000,0.00000000
17,-0.30177000,0.00000000,0.08849000,0.00000000,-0.46939000,0.00000000,-0.50839000,0.00000000
18,-0.32125000,0.00000000,0.08373000,0.00000000,-0.46988000,0.00000000,-0.50925000,0.00000000
19,-0.33189000,0.00000000,0.09017000,0.00000000,-0.47571000,0.00000000,-0.50323000,0.00000000
20,-0.34646000,0.00000000,0.07531000,0.00000000,-0.47101000,0.00000000,-0.50392000,0.00000000
21,-0.35046000,0.00000000,0.06816000,0.00000000,-0.47988000,0.00000000,-0.50395000,0.00000000
22,-0.35849000,0.00000000,0.05582000,0.00000000,-0.50168000,0.00000000,-0.50793000,0.00000000
23,-0.35523000,0.00000000,0.07395000,0.00000000,-0.50837000,0.00000000,-0.51195000,0.00000000
24,-0.37115000,0.00000000,0.06580000,0.00000000,-0.49853000,0.00000000,-0.51147000,0.00000000
25,-0.37293000,0.00000000,0.05517000,0.00000000,-0.51125000,0.00000000,-0.51247000,0.00000000
26,-0.37259000,0.00000000,0.05464000,0.00000000,-0.50096000,0.00000000,-0.50993000,0.00000000
27,-0.36057000,0.00000000,0.04965000,0.00000000,-0.51208000,0.00000000,-0.51284000,0.00000000
28,-0.35403000,0.00000000,0.05923000,0.00000000,-0.52077000,0.00000000,-0.51041000,0.00000000
29,-0.33192000,0.00000000,0.07527000,0.00000000,-0.51199000,0.00000000,-0.50559000,0.00000000
30,-0.33737000,0.00000000,0.05364000,0.00000000,-0.51728000,0.00000000,-0.51171000,0.00000000
31,-0.33817000,0.00000000,0.05886000,0.00000000,-0.52099000,0.00000000,-0.51350000,0.00000000
32,-0.37597000,0.00000000,0.06614000,0.00000000,-0.50427000,0.00000000,-0.51737000,0.00000000
33,-0.38825000,0.00000000,0.07618000,0.00000000,-0.51128000,0.00000000,-0.50742000,0.00000000
34,-0.39224000,0.00000000,0.08261000,0.00000000,-0.50844000,0.00000000,-0.50115000,0.00000000
35,-0.41662000,0.00000000,0.09037000,0.00000000,-0.51137000,0.00000000,-0.49739000,0.00000000
36,-0.41564000,0.00000000,0.07323000,0.00000000,-0.51494000,0.00000000,-0.49091000,0.00000000
37,-0.40500000,0.00000000,0.05613000,0.00000000,-0.51817000,0.00000000,-0.48461000,0.00000000
38,-0.39054000,0.00000000,0.05164000,0.00000000,-0.51737000,0.00000000,-0.48286000,0.00000000
39,-0.40098000,0.00000000,0.05119000,0.00000000,-0.53230000,0.00000000,-0.47782000,0.00000000
40,-0.40676000,0.00000000,0.04023000,0.00000000,-0.53891000,0.00000000,-0.47232000,0.00000000
41,-0.38402000,0.00000000,0.05882000,0.00000000,-0.52927000,0.00000000,-0.47150000,0.00000000
42,-0.39616000,0.00000000,0.05441000,0.00000000,-0.51611000,0.00000000,-0.46191000,0.00000000
43,-0.38975000,0.00000000,0.07899000,0.00000000,-0.54723000,0.00000000,-0.45167000,0.00000000
44,-0.40545000,0.00000000,0.05205000,0.00000000,-0.54968000,0.00000000,-0.44592000,0.00000000
45,-0.40013000,0.00000000,0.03718000,0.00000000,-0.55140000,0.00000000,-0.44839000,0.00000000
46,-0.37201000,0.00000000,0.04366000,0.00000000,-0.56251000,0.00000000,-0.44770000,0.00000000
47,-0.36659000,0.00000000,0.06025000,0.00000000,-0.57001000,0.00000000,-0.44626000,0.00000000
48,-0.37825000,0.00000000,0.06662000,0.00000000,-0.57688000,0.00000000,-0.44650000,0.00000000
49,-0.36221000,0.00000000,0.05682000,0.00000000,-0.56935000,0.00000000,-0.44494000,0.00000000
50,-0.36332000,0.00000000,0.07536000,0.00000000,-0.56474000,0.00000000,-0.44080000,0.00000000
51,-0.35852000,0.00000000,0.08528000,0.00000000,-0.56291000,0.00000000,-0.44485000,0.00000000
52,-0.35715000,0.00000000,0.08554000,0.00000000,-0.56944000,0.00000000,-0.44060000,0.00000000
53,-0.38075000,0.00000000,0.09126000,0.00000000,-0.54031000,0.00000000,-0.44421000,0.00000000
54,-0.40757000,0.00000000,0.09394000,0.00000000,-0.54325000,0.00000000,-0.43704000,0.00000000
55,-0.41073000,0.00000000,0.07532000,0.00000000,-0.55857000,0.00000000,-0.43076000,0.00000000
56,-0.41005000,0.00000000,0.08801000,0.00000000,-0.55396000,0.00000000,-0.43171000,0.00000000
57,-0.40505000,0.00000000,0.13247000,0.00000000,-0.55911000,0.00000000,-0.41845000,0.00000000
58,-0.42824000,0.00000000,0.14366000,0.00000000,-0.55821000,0.00000000,-0.41024000,0.00000000
59,-0.40865000,0.00000000,0.16294000,0.00000000,-0.56235000,0.00000000,-0.40517000,0.00000000
60,-0.42504000,0.00000000,0.17910000,0.00000000,-0.56321000,0.00000000,-0.39505000,0.00000000
61,-0.44705000,0.00000000,0.21899000,0.00000000,-0.56333000,0.00000000,-0.39221000,0.00000000
62,-0.45270000,0.00000000,0.24945000,0.00000000,-0.54704000,0.00000000,-0.39579000,0.00000000
63,-0.45362000,0.00000000,0.26212000,0.00000000,-0.55264000,0.00000000,-0.39312000,0.00000000
64,-0.43110000,0.00000000,0.29623000,0.00000000,-0.56600000,0.00000000,-0.39258000,0.00000000
65,-0.43966000,0.00000000,0.33506000,0.00000000,-0.57553000,0.00000000,-0.38952000,0.00000000
66,-0.42466000,0.00000000,0.32584000,0.00000000,-0.55658000,0.00000000,-0.37731000,0.00000000
67,-0.42329000,0.00000000,0.30914000,0.00000000,-0.54108000,0.00000000,-0.37289000,0.00000000
68,-0.41855000,0.00000000,0.33608000,0.00000000,-0.54203000,0.00000000,-0.37264000,0.00000000
69,-0.41425000,0.00000000,0.35319000,0.00000000,-0.55384000,0.00000000,-0.37248000,0.00000000
70,-0.42251000,0.00000000,0.34709000,0.00000000,-0.57790000,0.00000000,-0.36575000,0.00000000
71,-0.43761000,0.00000000,0.33846000,0.00000000,-0.55126000,0.00000000,-0.36166000,0.00000000
72,-0.45698000,0.00000000,0.31604000,0.00000000,-0.54513000,0.00000000,-0.36118000,0.00000000
73,-0.47560000,0.00000000,0.32919000,0.00000000,-0.55499000,0.00000000,-0.35325000,0.00000000
74,-0.47344000,0.00000000,0.32199000,0.00000000,-0.57152000,0.00000000,-0.35308000,0.00000000
75,-0.49348000,0.00000000,0.32903000,0.00000000,-0.57861000,0.00000000,-0.34800000,0.00000000
76,-0.51105000,0.00000000,0.32751000,0.00000000,-0.57206000,0.00000000,-0.33765000,0.00000000
77,-0.51522000,0.00000000,0.33620000,0.00000000,-0.56536000,0.00000000,-0.34708000,0.00000000
78,-0.51788000,0.00000000,0.33589000,0.00000000,-0.57056000,0.00000000,-0.35014000,0.00000000
79,-0.51232000,0.00000000,0.34997000,0.00000000,-0.56784000,0.00000000,-0.33984000,0.00000000
80,-0.52005000,0.00000000,0.35001000,0.00000000,-0.54940000,0.00000000,-0.32920000,0.00000000
81,-0.52581000,0.00000000,0.40078000,0.00000000,-0.56174000,0.00000000,-0.32624000,0.00000000
82,-0.54785000,0.00000000,0.38813000,0.00000000,-0.56972000,0.00000000,-0.32444000,0.00000000
83,-0.52918000,0.00000000,0.41420000,0.00000000,-0.56616000,0.00000000,-0.31120000,0.00000000
84,-0.54527000,0.00000000,0.43510000,0.00000000,-0.56770000,0.00000000,-0.30921000,0.00000000
85,-0.54957000,0.00000000,0.44321000,0.00000000,-0.54987000,0.00000000,-0.31409000,0.00000000
86,-0.55015000,0.00000000,0.48606000,0.00000000,-0.53720000,0.00000000,-0.30851000,0.00000000
87,-0.56223000,0.00000000,0.50131000,0.00000000,-0.53008000,0.00000000,-0.30389000,0.00000000
88,-0.56712000,0.00000000,0.53629000,0.00000000,-0.54287000,0.00000000,-0.29808000,0.00000000
89,-0.57604000,0.00000000,0.56094000,0.00000000,-0.53065000,0.00000000,-0.29472000,0.00000000
90,-0.56869000,0.00000000,0.57571000,0.00000000,-0.52437000,0.00000000,-0.29141000,0.00000000
91,-0.55653000,0.00000000,0.56023000,0.00000000,-0.54579000,0.00000000,-0.27877000,0.00000000
92,-0.57663000,0.00000000,0.57397000,0.00000000,-0.52398000,0.00000000,-0.27330000,0.00000000
93,-0.57741000,0.00000000,0.58207000,0.00000000,-0.52603000,0.00000000,-0.27751000,0.00000000
94,-0.61478000,0.00000000,0.59447000,0.00000000,-0.51464000,0.00000000,-0.28145000,0.00000000
95,-0.63034000,0.00000000,0.59960000,0.00000000,-0.52769000,0.00000000,-0.29033000,0.00000000
96,-0.63200000,0.00000000,0.62028000,0.00000000,-0.51732000,0.00000000,-0.29061000,0.00000000
97,-0.66034000,0.00000000,0.61822000,0.00000000,-0.51844000,0.00000000,-0.28962000,0.00000000
98,-0.67582000,0.00000000,0.60446000,0.00000000,-0.51825000,0.00000000,-0.28966000,0.00000000
99,-0.67397000,0.00000000,0.63685000,0.00000000,-0.50805000,0.00000000,-0.28404000,0.00000000
100,-0.68071000,0.00000000,0.63127000,0.00000000,-0.51464000,0.00000000,-0.26963000,0.00000000
101,-0.67120000,0.00000000,0.64388000,0.00000000,-0.52400000,0.00000000,-0.26735000,0.00000000
102,-0.68866000,0.00000000,0.64415000,0.00000000,-0.52857000,0.00000000,-0.27093000,0.00000000
103,-0.68815000,0.00000000,0.63341000,0.00000000,-0.50766000,0.00000000,-0.25440000,0.00000000
104,-0.67459000,0.00000000,0.63959000,0.00000000,-0.53727000,0.00000000,-0.25464000,0.00000000
105,-0.65638000,0.00000000,0.64387000,0.00000000,-0.54604000,0.00000000,-0.24716000,0.00000000
106,-0.64781000,0.00000000,0.64881000,0.00000000,-0.55141000,0.00000000,-0.23623000,0.00000000
107,-0.65540000,0.00000000,0.66507000,0.00000000,-0.53865000,0.00000000,-0.22783000,0.00000000
108,-0.66135000,0.00000000,0.65844000,0.00000000,-0.53352000,0.00000000,-0.23248000,0.00000000
109,-0.68612000,0.00000000,0.66768000,0.00000000,-0.54021000,0.00000000,-0.23916000,0.00000000
110,-0.67504000,0.00000000,0.67091000,0.00000000,-0.55643000,0.00000000,-0.23474000,0.00000000
111,-0.69743000,0.00000000,0.68331000,0.00000000,-0.56784000,0.00000000,-0.23461000,0.00000000
112,-0.72269000,0.00000000,0.69516000,0.00000000,-0.55284000,0.00000000,-0.23504000,0.00000000
113,-0.73294000,0.00000000,0.72500000,0.00000000,-0.56411000,0.00000000,-0.23598000,0.00000000
114,-0.73263000,0.00000000,0.75026000,0.00000000,-0.55938000,0.00000000,-0.23323000,0.00000000
115,-0.76438000,0.00000000,0.75700000,0.00000000,-0.54828000,0.00000000,-0.22209000,0.00000000
116,-0.77500000,0.00000000,0.77290000,0.00000000,-0.53732000,0.00000000,-0.21996000,0.00000000
117,-0.78612000,0.00000000,0.77878000,0.00000000,-0.55376000,0.00000000,-0.22228000,0.00000000
118,-0.79829000,0.00000000,0.75738000,0.00000000,-0.55146000,0.00000000,-0.21969000,0.00000000
119,-0.79903000,0.00000000,0.72481000,0.00000000,-0.53467000,0.00000000,-0.21907000,0.00000000
120,-0.82329000,0.00000000,0.74262000,0.00000000,-0.53664000,0.00000000,-0.21906000,0.00000000
121,-0.81953000,0.00000000,0.75552000,0.00000000,-0.52720000,0.00000000,-0.21950000,0.00000000
122,-0.84140000,0.00000000,0.73198000,0.00000000,-0.51857000,0.00000000,-0.21151000,0.00000000
123,-0.87710000,0.00000000,0.75150000,0.00000000,-0.47979000,0.00000000,-0.20852000,0.00000000
124,-0.88160000,0.00000000,0.79302000,0.00000000,-0.46752000,0.00000000,-0.21275000,0.00000000
125,-0.89458000,0.00000000,0.81224000,0.00000000,-0.46271000,0.00000000,-0.20536000,0.00000000
126,-0.91336000,0.00000000,0.83440000,0.00000000,-0.48459000,0.00000000,-0.20281000,0.00000000
127,-0.88592000,0.00000000,0.85494000,0.00000000,-0.47745000,0.00000000,-0.18730000,0.00000000
128,-0.87454000,0.00000000,0.86406000,0.00000000,-0.49155000,0.00000000,-0.18143000,0.00000000
129,-0.88233000,0.00000000,0.88576000,0.00000000,-0.48511000,0.00000000,-0.17641000,0.00000000
130,-0.87136000,0.00000000,0.86723000,0.00000000,-0.48475000,0.00000000,-0.16579000,0.00000000
131,-0.88349000,0.00000000,0.86979000,0.00000000,-0.50733000,0.00000000,-0.15793000,0.00000000
132,-0.87427000,0.00000000,0.90184000,0.00000000,-0.50462000,0.00000000,-0.15688000,0.00000000
133,-0.88004000,0.00000000,0.89396000,0.00000000,-0.50591000,0.00000000,-0.15652000,0.00000000
134,-0.89273000,0.00000000,0.90339000,0.00000000,-0.50868000,0.00000000,-0.14896000,0.00000000
135,-0.90316000,0.00000000,0.91672000,0.00000000,-0.49275000,0.00000000,-0.13992000,0.00000000
136,-0.90726000,0.00000000,0.90369000,0.00000000,-0.49520000,0.00000000,-0.13608000,0.00000000
137,-0.91001000,0.00000000,0.89845000,0.00000000,-0.46177000,0.00000000,-0.13942000,0.00000000
138,-0.92534000,0.00000000,0.90930000,0.00000000,-0.43231000,0.00000000,-0.14733000,0.00000000
139,-0.94294000,0.00000000,0.89761000,0.00000000,-0.39977000,0.00000000,-0.14078000,0.00000000
140,-0.94082000,0.00000000,0.90169000,0.00000000,-0.39642000,0.00000000,-0.13137000,0.00000000
141,-0.93053000,0.00000000,0.89638000,0.00000000,-0.40407000,0.00000000,-0.13774000,0.00000000
142,-0.94280000,0.00000000,0.90407000,0.00000000,-0.39105000,0.00000000,-0.12880000,0.00000000
143,-0.93714000,0.00000000,0.93315000,0.00000000,-0.39456000,0.00000000,-0.13068000,0.00000000
144,-0.91795000,0.00000000,0.93403000,0.00000000,-0.39739000,0.00000000,-0.13393000,0.00000000
145,-0.90986000,0.00000000,0.95441000,0.00000000,-0.39653000,0.00000000,-0.13763000,0.00000000
146,-0.89559000,0.00000000,0.95135000,0.00000000,-0.39773000,0.00000000,-0.13077000,0.00000000
147,-0.89354000,0.00000000,0.96654000,0.00000000,-0.40280000,0.00000000,-0.11885000,0.00000000
148,-0.87395000,0.00000000,1.00611000,0.00000000,-0.40175000,0.00000000,-0.11762000,0.00000000
149,-0.87720000,0.00000000,1.00913000,0.00000000,-0.39787000,0.00000000,-0.11407000,0.00000000
150,-0.87129000,0.00000000,1.00304000,0.00000000,-0.37352000,0.00000000,-0.11570000,0.00000000
151,-0.86730000,0.00000000,1.02384000,0.00000000,-0.35323000,0.00000000,-0.10875000,0.00000000
152,-0.88268000,0.00000000,1.03152000,0.00000000,-0.33617000,0.00000000,-0.10110000,0.00000000
153,-0.89190000,0.00000000,1.02851000,0.00000000,-0.31416000,0.00000000,-0.08992000,0.00000000
154,-0.89488000,0.00000000,1.04267000,0.00000000,-0.29207000,0.00000000,-0.08697000,0.00000000
155,-0.88088000,0.00000000,1.08535000,0.00000000,-0.30180000,0.00000000,-0.07415000,0.00000000
156,-0.88810000,0.00000000,1.11110000,0.00000000,-0.30112000,0.00000000,-0.06665000,0.00000000
157,-0.86267000,0.00000000,1.09946000,0.00000000,-0.29512000,0.00000000,-0.07216000,0.00000000
158,-0.84939000,0.00000000,1.13701000,0.00000000,-0.28254000,0.00000000,-0.06705000,0.00000000
159,-0.85879000,0.00000000,1.14144000,0.00000000,-0.28245000,0.00000000,-0.06963000,0.00000000
160,-0.87731000,0.00000000,1.13926000,0.00000000,-0.26358000,0.00000000,-0.07123000,0.00000000
161,-0.85945000,0.00000000,1.17070000,0.00000000,-0.26997000,0.00000000,-0.06978000,0.00000000
162,-0.87088000,0.00000000,1.19134000,0.00000000,-0.27108000,0.00000000,-0.06633000,0.00000000
163,-0.88487000,0.00000000,1.16887000,0.00000000,-0.26733000,0.00000000,-0.06619000,0.00000000
164,-0.88535000,0.00000000,1.18141000,0.00000000,-0.24819000,0.00000000,-0.06238000,0.00000000
165,-0.90342000,0.00000000,1.19746000,0.00000000,-0.26153000,0.00000000,-0.06914000,0.00000000
166,-0.89057000,0.00000000,1.21036000,0.00000000,-0.26349000,0.00000000,-0.07563000,0.00000000
167,-0.90856000,0.00000000,1.21438000,0.00000000,-0.25722000,0.00000000,-0.07910000,0.00000000
168,-0.91991000,0.00000000,1.24814000,0.00000000,-0.25184000,0.00000000,-0.07579000,0.00000000
169,-0.92269000,0.00000000,1.29536000,0.00000000,-0.24857000,0.00000000,-0.07651000,0.00000000
170,-0.92679000,0.00000000,1.29349000,0.00000000,-0.25542000,0.00000000,-0.08732000,0.00000000
171,-0.90549000,0.00000000,1.29413000,0.00000000,-0.26102000,0.00000000,-0.08644000,0.00000000
172,-0.90017000,0.00000000,1.27780000,0.00000000,-0.24180000,0.00000000,-0.09280000,0.00000000
173,-0.88994000,0.00000000,1.27098000,0.00000000,-0.21934000,0.00000000,-0.08444000,0.00000000
174,-0.89804000,0.00000000,1.30873000,0.00000000,-0.22866000,0.00000000,-0.08861000,0.00000000
175,-0.88750000,0.00000000,1.28688000,0.00000000,-0.21964000,0.00000000,-0.07943000,0.00000000
176,-0.89250000,0.00000000,1.32166000,0.00000000,-0.20719000,0.00000000,-0.07421323,0.00000000
177,-0.86926000,0.00000000,1.32261000,0.00000000,-0.18811000,0.00000000,-0.06682000,0.00000000
178,-0.87752000,0.00000000,1.34015000,0.00000000,-0.17400000,0.00000000,-0.06357000,0.00000000
179,-0.88421000,0.00000000,1.31136000,0.00000000,-0.17954000,0.00000000,-0.06509000,0.00000000
180,-0.88919000,0.00000000,1.32872000,0.00000000,-0.18927000,0.00000000,-0.06781000,0.00000000
181,-0.88219000,0.00000000,1.34534000,0.00000000,-0.17127000,0.00000000,-0.06461000,0.00000000
182,-0.85974000,0.00000000,1.34756000,0.00000000,-0.15699000,0.00000000,-0.05935000,0.00000000
183,-0.83619000,0.00000000,1.34398000,0.00000000,-0.14470000,0.00000000,-0.05345000,0.00000000
184,-0.82898000,0.00000000,1.37142000,0.00000000,-0.14026000,0.00000000,-0.05279000,0.00000000
185,-0.83283000,0.00000000,1.38494000,0.00000000,-0.14901000,0.00000000,-0.05636000,0.00000000
186,-0.82526000,0.00000000,1.37751000,0.00000000,-0.11616000,0.00000000,-0.06468000,0.00000000
187,-0.83086000,0.00000000,1.38546000,0.00000000,-0.10294000,0.00000000,-0.06173000,0.00000000
188,-0.83506000,0.00000000,1.38355000,0.00000000,-0.09967000,0.00000000,-0.05817000,0.00000000
189,-0.83973000,0.00000000,1.39825000,0.00000000,-0.09737000,0.00000000,-0.04744000,0.00000000
190,-0.83828000,0.00000000,1.41208000,0.00000000,-0.10195000,0.00000000,-0.04543000,0.00000000
191,-0.83152000,0.00000000,1.41082000,0.00000000,-0.10589000,0.00000000,-0.04859000,0.00000000
192,-0.85212000,0.00000000,1.41294000,0.00000000,-0.09837000,0.00000000,-0.04768000,0.00000000
193,-0.84501000,0.00000000,1.40800000,0.00000000,-0.10419000,0.00000000,-0.05213000,0.00000000
194,-0.82517000,0.00000000,1.39410000,0.00000000,-0.10691000,0.00000000,-0.05335000,0.00000000
195,-0.83532000,0.00000000,1.38229000,0.00000000,-0.10510000,0.00000000,-0.05550000,0.00000000
196,-0.85046000,0.00000000,1.39607000,0.00000000,-0.08405000,0.00000000,-0.05479000,0.00000000
197,-0.84320000,0.00000000,1.39926000,0.00000000,-0.07941000,0.00000000,-0.04979000,0.00000000
198,-0.83824000,0.00000000,1.40975000,0.00000000,-0.06662000,0.00000000,-0.05108000,0.00000000
199,-0.84169000,0.00000000,1.42701000,0.00000000,-0.07986000,0.00000000,-0.05002000,0.00000000
200,-0.85027000,0.00000000,1.44266000,0.00000000,-0.07882000,0.00000000,-0.05288000,0.00000000
201,-0.84166000,0.00000000,1.47098000,0.00000000,-0.07935000,0.00000000,-0.05014000,0.00000000
202,-0.85951000,0.00000000,1.49124000,0.00000000,-0.08647000,0.00000000,-0.04805000,0.00000000
203,-0.83674000,0.00000000,1.50758000,0.00000000,-0.07338000,0.00000000,-0.04321000,0.00000000
204,-0.82594000,0.00000000,1.50831000,0.00000000,-0.06892000,0.00000000,-0.04616000,0.00000000
205,-0.83910000,0.00000000,1.52350000,0.00000000,-0.07805000,0.00000000,-0.04721000,0.00000000
206,-0.80843000,0.00000000,1.54578000,0.00000000,-0.08075000,0.00000000,-0.04427000,0.00000000
207,-0.81589000,0.00000000,1.54409000,0.00000000,-0.07574000,0.00000000,-0.05855000,0.00000000
208,-0.80394000,0.00000000,1.54187000,0.00000000,-0.07373000,0.00000000,-0.05367000,0.00000000
209,-0.80336000,0.00000000,1.56933000,0.00000000,-0.06332000,0.00000000,-0.05056000,0.00000000
210,-0.80507000,0.00000000,1.60313000,0.00000000,-0.06048000,0.00000000,-0.05695000,0.00000000
211,-0.82168000,0.00000000,1.65139000,0.00000000,-0.05116000,0.00000000,-0.06171000,0.00000000
212,-0.80688000,0.00000000,1.65949000,0.00000000,-0.06106000,0.00000000,-0.06834000,0.00000000
213,-0.82206000,0.00000000,1.67536000,0.00000000,-0.06219000,0.00000000,-0.07743000,0.00000000
214,-0.79614000,0.00000000,1.68600000,0.00000000,-0.05024000,0.00000000,-0.08366000,0.00000000
215,-0.80568000,0.00000000,1.67254000,0.00000000,-0.04167000,0.00000000,-0.07862000,0.00000000
216,-0.82730000,0.00000000,1.69888000,0.00000000,-0.02465000,0.00000000,-0.08553000,0.00000000
217,-0.81852000,0.00000000,1.71624000,0.00000000,-0.01289000,0.00000000,-0.08740000,0.00000000
218,-0.83110000,0.00000000,1.74706000,0.00000000,0.02314000,0.00000000,-0.08443000,0.00000000
219,-0.82267000,0.00000000,1.75440000,0.00000000,0.03947000,0.00000000,-0.09664000,0.00000000
220,-0.84065000,0.00000000,1.78711000,0.00000000,0.05822000,0.00000000,-0.10428000,0.00000000
221,-0.84479000,0.00000000,1.78816000,0.00000000,0.07496000,0.00000000,-0.10729000,0.00000000
222,-0.86659000,0.00000000,1.77805000,0.00000000,0.07511000,0.00000000,-0.10990000,0.00000000
223,-0.86619000,0.00000000,1.79674000,0.00000000,0.10006000,0.00000000,-0.10749000,0.00000000
224,-0.87536000,0.00000000,1.82889000,0.00000000,0.11824000,0.00000000,-0.10461000,0.00000000
225,-0.88328000,0.00000000,1.84242000,0.00000000,0.11765000,0.00000000,-0.10867000,0.00000000
226,-0.89693000,0.00000000,1.85209000,0.00000000,0.10440000,0.00000000,-0.11113000,0.00000000
227,-0.93218000,0.00000000,1.84264000,0.00000000,0.12459000,0.00000000,-0.12249000,0.00000000
228,-0.93086000,0.00000000,1.88546000,0.00000000,0.10222000,0.00000000,-0.12445000,0.00000000
229,-0.91183000,0.00000000,1.90531000,0.00000000,0.09204000,0.00000000,-0.13385000,0.00000000
230,-0.91147000,0.00000000,1.88479000,0.00000000,0.08097000,0.00000000,-0.13801000,0.00000000
231,-0.92895000,0.00000000,1.89316000,0.00000000,0.07759000,0.00000000,-0.13523000,0.00000000
232,-0.90773000,0.00000000,1.88953000,0.00000000,0.07892000,0.00000000,-0.13334000,0.00000000
233,-0.91010000,0.00000000,1.86466000,0.00000000,0.08784000,0.00000000,-0.14049000,0.00000000
234,-0.91828000,0.00000000,1.86807000,0.00000000,0.08998000,0.00000000,-0.14771000,0.00000000
235,-0.90986000,0.00000000,1.89197000,0.00000000,0.08785000,0.00000000,-0.15122000,0.00000000
236,-0.90661000,0.00000000,1.89716000,0.00000000,0.08873000,0.00000000,-0.15624000,0.00000000
237,-0.88686000,0.00000000,1.89996000,0.00000000,0.10639000,0.00000000,-0.16081000,0.00000000
238,-0.88941000,0.00000000,1.89634000,0.00000000,0.10810000,0.00000000,-0.16802000,0.00000000
239,-0.85651000,0.00000000,1.91077000,0.00000000,0.12368000,0.00000000,-0.17686000,0.00000000
240,-0.84518000,0.00000000,1.93317000,0.00000000,0.13855000,0.00000000,-0.17642000,0.00000000
241,-0.82892000,0.00000000,1.93910000,0.00000000,0.16103000,0.00000000,-0.18999000,0.00000000
242,-0.81883000,0.00000000,1.94204000,0.00000000,0.16533000,0.00000000,-0.20108000,0.00000000
243,-0.82005000,0.00000000,1.96092000,0.00000000,0.14592000,0.00000000,-0.20305000,0.00000000
244,-0.80526000,0.00000000,1.98305000,0.00000000,0.16549000,0.00000000,-0.21779000,0.00000000
245,-0.80272000,0.00000000,2.03408000,0.00000000,0.17440000,0.00000000,-0.22561000,0.00000000
246,-0.80075000,0.00000000,2.05717000,0.00000000,0.17734000,0.00000000,-0.23527000,0.00000000
247,-0.80453000,0.00000000,2.07195000,0.00000000,0.18450000,0.00000000,-0.24194000,0.00000000
248,-0.81272000,0.00000000,2.07487000,0.00000000,0.20297000,0.00000000,-0.24620000,0.00000000
249,-0.82237000,0.00000000,2.05263000,0.00000000,0.21478000,0.00000000,-0.24508000,0.00000000
250,-0.81490000,0.00000000,2.04958000,0.00000000,0.24187000,0.00000000,-0.24889000,0.00000000
251,-0.82433000,0.00000000,2.06325000,0.00000000,0.26229000,0.00000000,-0.25282000,0.00000000
252,-0.81812000,0.00000000,2.07649000,0.00000000,0.26989000,0.00000000,-0.25709000,0.00000000
253,-0.82952000,0.00000000,2.05613000,0.00000000,0.27827000,0.00000000,-0.26754000,0.00000000
254,-0.82852000,0.00000000,2.07166000,0.00000000,0.26764000,0.00000000,-0.27954000,0.00000000
255,-0.83545000,0.00000000,2.08961000,0.00000000,0.27361000,0.00000000,-0.28167000,0.00000000
256,-0.81706000,0.00000000,2.08741000,0.00000000,0.28538000,0.00000000,-0.28200000,0.00000000
257,-0.81129000,0.00000000,2.12672000,0.00000000,0.28431000,0.00000000,-0.28125000,0.00000000
258,-0.83263000,0.00000000,2.18000000,0.00000000,0.28959000,0.00000000,-0.29433000,0.00000000
259,-0.80805000,0.00000000,2.20619000,0.00000000,0.31831000,0.00000000,-0.29982000,0.00000000
260,-0.79816000,0.00000000,2.21176000,0.00000000,0.35564000,0.00000000,-0.30526000,0.00000000
261,-0.80429000,0.00000000,2.24884000,0.00000000,0.35931000,0.00000000,-0.31137000,0.00000000
262,-0.78874000,0.00000000,2.26351000,0.00000000,0.37550000,0.00000000,-0.31834000,0.00000000
263,-0.77486000,0.00000000,2.28510000,0.00000000,0.40129000,0.00000000,-0.32219000,0.00000000
264,-0.76602000,0.00000000,2.31300000,0.00000000,0.43859000,0.00000000,-0.34114000,0.00000000
265,-0.74714000,0.00000000,2.31350000,0.00000000,0.45856000,0.00000000,-0.35806000,0.00000000
266,-0.74643000,0.00000000,2.30981000,0.00000000,0.47677000,0.00000000,-0.36872000,0.00000000
267,-0.73119000,0.00000000,2.31351000,0.00000000,0.50138000,0.00000000,-0.37883000,0.00000000
268,-0.72526000,0.00000000,2.31250000,0.00000000,0.51418000,0.00000000,-0.38486000,0.00000000
269,-0.69691000,0.00000000,2.32648000,0.00000000,0.51610000,0.00000000,-0.39038000,0.00000000
270,-0.68240000,0.00000000,2.32631000,0.00000000,0.53860000,0.00000000,-0.39001000,0.00000000
271,-0.67214000,0.00000000,2.35548000,0.00000000,0.55762000,0.00000000,-0.39741000,0.00000000
272,-0.65862000,0.00000000,2.36546000,0.00000000,0.56704000,0.00000000,-0.40589000,0.00000000
273,-0.63075000,0.00000000,2.35738000,0.00000000,0.56039000,0.00000000,-0.41698000,0.00000000
274,-0.62412000,0.00000000,2.36479000,0.00000000,0.57369000,0.00000000,-0.42897000,0.00000000
275,-0.62171000,0.00000000,2.33008000,0.00000000,0.58191000,0.00000000,-0.42846000,0.00000000
276,-0.61034000,0.00000000,2.31970000,0.00000000,0.59568000,0.00000000,-0.44128000,0.00000000
277,-0.60402000,0.00000000,2.31922000,0.00000000,0.59787000,0.00000000,-0.45000000,0.00000000
278,-0.60812000,0.00000000,2.32360000,0.00000000,0.62265000,0.00000000,-0.46285000,0.00000000
279,-0.60788000,0.00000000,2.29778000,0.00000000,0.63880000,0.00000000,-0.45767000,0.00000000
280,-0.60897000,0.00000000,2.30652000,0.00000000,0.63974000,0.00000000,-0.47156000,0.00000000
281,-0.62163000,0.00000000,2.28661000,0.00000000,0.66218000,0.00000000,-0.48218000,0.00000000
282,-0.59985000,0.00000000,2.28261000,0.00000000,0.66749000,0.00000000,-0.50168000,0.00000000
283,-0.58522000,0.00000000,2.23266000,0.00000000,0.69103000,0.00000000,-0.52313000,0.00000000
284,-0.58478000,0.00000000,2.22940000,0.00000000,0.69877000,0.00000000,-0.53162000,0.00000000
285,-0.59207000,0.00000000,2.19695000,0.00000000,0.70150000,0.00000000,-0.54179000,0.00000000
286,-0.56756000,0.00000000,2.23081000,0.00000000,0.71090000,0.00000000,-0.55484000,0.00000000
287,-0.54872000,0.00000000,2.22590000,0.00000000,0.72095000,0.00000000,-0.56778000,0.00000000
288,-0.56123000,0.00000000,2.20843000,0.00000000,0.71982000,0.00000000,-0.57761000,0.00000000
289,-0.56518000,0.00000000,2.23359000,0.00000000,0.72814000,0.00000000,-0.59789000,0.00000000
290,-0.52903000,0.00000000,2.23789000,0.00000000,0.73030000,0.00000000,-0.61093000,0.00000000
291,-0.53569000,0.00000000,2.22766000,0.00000000,0.72949000,0.00000000,-0.63432000,0.00000000
292,-0.54737000,0.00000000,2.25105000,0.00000000,0.74851000,0.00000000,-0.64289000,0.00000000
293,-0.53486000,0.00000000,2.24991000,0.00000000,0.76356000,0.00000000,-0.65064000,0.00000000
294,-0.51835000,0.00000000,2.19855000,0.00000000,0.76933000,0.00000000,-0.66162000,0.00000000
295,-0.50366000,0.00000000,2.21634000,0.00000000,0.76769000,0.00000000,-0.67746000,0.00000000
296,-0.49295000,0.00000000,2.22736000,0.00000000,0.76245000,0.00000000,-0.69194000,0.00000000
297,-0.49725000,0.00000000,2.23250000,0.00000000,0.79702000,0.00000000,-0.70208000,0.00000000
298,-0.46591000,0.00000000,2.24640000,0.00000000,0.80767000,0.00000000,-0.71355000,0.00000000
299,-0.45419000,0.00000000,2.23725000,0.00000000,0.80953000,0.00000000,-0.73410000,0.00000000
300,-0.44607000,0.00000000,2.25175000,0.00000000,0.81216000,0.00000000,-0.75091000,0.00000000
301,-0.43010000,0.00000000,2.21708000,0.00000000,0.83856000,0.00000000,-0.75036000,0.00000000
302,-0.41351000,0.00000000,2.21439000,0.00000000,0.84413000,0.00000000,-0.76093000,0.00000000
303,-0.39983000,0.00000000,2.20615000,0.00000000,0.85361000,0.00000000,-0.76633000,0.00000000
304,-0.38623000,0.00000000,2.22047000,0.00000000,0.87553000,0.00000000,-0.77347000,0.00000000
305,-0.35756000,0.00000000,2.18487000,0.00000000,0.90191000,0.00000000,-0.78312000,0.00000000
306,-0.36116000,0.00000000,2.18197000,0.00000000,0.89817000,0.00000000,-0.79617000,0.00000000
307,-0.36566000,0.00000000,2.20048000,0.00000000,0.90948000,0.00000000,-0.81571000,0.00000000
308,-0.35690000,0.00000000,2.19720000,0.00000000,0.93818000,0.00000000,-0.83340000,0.00000000
309,-0.34072000,0.00000000,2.21925000,0.00000000,0.95191000,0.00000000,-0.84463000,0.00000000
310,-0.33506000,0.00000000,2.22779000,0.00000000,0.95936000,0.00000000,-0.86479000,0.00000000
311,-0.33795000,0.00000000,2.23124000,0.00000000,0.95846000,0.00000000,-0.87425000,0.00000000
312,-0.32359000,0.00000000,2.23378000,0.00000000,0.95036000,0.00000000,-0.89234000,0.00000000
313,-0.32537000,0.00000000,2.24349000,0.00000000,0.95396000,0.00000000,-0.90154000,0.00000000
314,-0.31135000,0.00000000,2.24501000,0.00000000,0.94667000,0.00000000,-0.91317000,0.00000000
315,-0.30698000,0.00000000,2.23891000,0.00000000,0.94279000,0.00000000,-0.92875000,0.00000000
316,-0.30505000,0.00000000,2.23876000,0.00000000,0.96475000,0.00000000,-0.95137000,0.00000000
317,-0.29701000,0.00000000,2.24542000,0.00000000,0.98576000,0.00000000,-0.96679000,0.00000000
318,-0.28045000,0.00000000,2.25000000,0.00000000,1.02383000,0.00000000,-0.97464000,0.00000000
319,-0.26570000,0.00000000,2.22971000,0.00000000,1.03663000,0.00000000,-0.99243000,0.00000000
320,-0.24523000,0.00000000,2.22714000,0.00000000,1.04823000,0.00000000,-1.00619000,0.00000000
321,-0.21243000,0.00000000,2.22104000,0.00000000,1.05206000,0.00000000,-1.01585000,0.00000000
322,-0.19662000,0.00000000,2.20475000,0.00000000,1.07021000,0.00000000,-1.03050000,0.00000000
323,-0.17813000,0.00000000,2.18819000,0.00000000,1.11137000,0.00000000,-1.03762000,0.00000000
324,-0.16424000,0.00000000,2.15566000,0.00000000,1.13704000,0.00000000,-1.05981000,0.00000000
325,-0.15008000,0.00000000,2.14491000,0.00000000,1.15684000,0.00000000,-1.06408000,0.00000000
326,-0.13949000,0.00000000,2.13682000,0.00000000,1.17303000,0.00000000,-1.08523000,0.00000000
327,-0.10801000,0.00000000,2.11970000,0.00000000,1.18144000,0.00000000,-1.10372000,0.00000000
328,-0.08073000,0.00000000,2.12826000,0.00000000,1.16904000,0.00000000,-1.10628000,0.00000000
329,-0.04328000,0.00000000,2.10821000,0.00000000,1.20662000,0.00000000,-1.12954000,0.00000000
330,-0.02668000,0.00000000,2.11039000,0.00000000,1.21198000,0.00000000,-1.15409000,0.00000000
331,-0.01663000,0.00000000,2.13870000,0.00000000,1.20907000,0.00000000,-1.15767000,0.00000000
332,0.00382000,0.00000000,2.15090000,0.00000000,1.21628000,0.00000000,-1.16927000,0.00000000
333,0.02268000,0.00000000,2.12788000,0.00000000,1.22289000,0.00000000,-1.18556000,0.00000000
334,0.04820000,0.00000000,2.10944000,0.00000000,1.23556000,0.00000000,-1.20230000,0.00000000
335,0.08125000,0.00000000,2.11576000,0.00000000,1.26139000,0.00000000,-1.22731000,0.00000000
336,0.12592000,0.00000000,2.09046000,0.00000000,1.28867000,0.00000000,-1.24050000,0.00000000
337,0.13150000,0.00000000,2.06468000,0.00000000,1.30525000,0.00000000,-1.26115000,0.00000000
338,0.15744000,0.00000000,2.05696000,0.00000000,1.32352000,0.00000000,-1.27726000,0.00000000
339,0.15909000,0.00000000,2.04737000,0.00000000,1.31308000,0.00000000,-1.28152000,0.00000000
340,0.18711000,0.00000000,2.05967000,0.00000000,1.32291000,0.00000000,-1.30073000,0.00000000
341,0.21367000,0.00000000,2.05473000,0.00000000,1.34526000,0.00000000,-1.31007000,0.00000000
342,0.22727000,0.00000000,2.05784000,0.00000000,1.36416000,0.00000000,-1.33067000,0.00000000
343,0.24892000,0.00000000,2.00920000,0.00000000,1.37518000,0.00000000,-1.34974000,0.00000000
344,0.26643000,0.00000000,1.95536000,0.00000000,1.40343000,0.00000000,-1.37079000,0.00000000
345,0.30061000,0.00000000,1.93578000,0.00000000,1.40472000,0.00000000,-1.38251000,0.00000000
346,0.30869000,0.00000000,1.92511000,0.00000000,1.41053000,0.00000000,-1.40956000,0.00000000
347,0.31648000,0.00000000,1.92595000,0.00000000,1.42955000,0.00000000,-1.43574000,0.00000000
348,0.32887000,0.00000000,1.90658000,0.00000000,1.42963000,0.00000000,-1.45083000,0.00000000
349,0.33478000,0.00000000,1.90312000,0.00000000,1.45547000,0.00000000,-1.46479000,0.00000000
350,0.34302000,0.00000000,1.89135000,0.00000000,1.47059000,0.00000000,-1.48424000,0.00000000
351,0.35908000,0.00000000,1.85937000,0.00000000,1.49550000,0.00000000,-1.50675000,0.00000000
352,0.39521000,0.00000000,1.82274000,0.00000000,1.49451000,0.00000000,-1.52276000,0.00000000
353,0.40760000,0.00000000,1.80332000,0.00000000,1.50754000,0.00000000,-1.53943000,0.00000000
354,0.42997000,0.00000000,1.78287000,0.00000000,1.50891000,0.00000000,-1.55292000,0.00000000
355,0.46601000,0.00000000,1.76644000,0.00000000,1.51455000,0.00000000,-1.56114000,0.00000000
356,0.50549000,0.00000000,1.74576000,0.00000000,1.50988000,0.00000000,-1.58104000,0.00000000
357,0.53030000,0.00000000,1.74503000,0.00000000,1.53549000,0.00000000,-1.59526000,0.00000000
358,0.52944000,0.00000000,1.71774000,0.00000000,1.55530000,0.00000000,-1.60965000,0.00000000
359,0.56442000,0.00000000,1.71534000,0.00000000,1.58966000,0.00000000,-1.62556000,0.00000000
360,0.59318000,0.00000000,1.70784000,0.00000000,1.61321000,0.00000000,-1.63521000,0.00000000
361,0.61973000,0.00000000,1.67432000,0.00000000,1.63876000,0.00000000,-1.65227000,0.00000000
362,0.61621000,0.00000000,1.66843000,0.00000000,1.64746000,0.00000000,-1.66526000,0.00000000
363,0.64046000,0.00000000,1.65332000,0.00000000,1.66018000,0.00000000,-1.68138000,0.00000000
364,0.63695000,0.00000000,1.62649000,0.00000000,1.67056000,0.00000000,-1.70377000,0.00000000
365,0.67001000,0.00000000,1.60075000,0.00000000,1.69265000,0.00000000,-1.71004000,0.00000000
366,0.69035000,0.00000000,1.59260000,0.00000000,1.70159000,0.00000000,-1.73134000,0.00000000
367,0.70769000,0.00000000,1.57403000,0.00000000,1.71180000,0.00000000,-1.75367000,0.00000000
368,0.71939000,0.00000000,1.54367000,0.00000000,1.71854000,0.00000000,-1.76540000,0.00000000
369,0.72889000,0.00000000,1.53718000,0.00000000,1.73738000,0.00000000,-1.79168000,0.00000000
370,0.74867000,0.00000000,1.54923000,0.00000000,1.74594000,0.00000000,-1.82314000,0.00000000
371,0.77563000,0.00000000,1.54608000,0.00000000,1.75155000,0.00000000,-1.84155000,0.00000000
372,0.80464000,0.00000000,1.54832000,0.00000000,1.75579000,0.00000000,-1.86326000,0.00000000
373,0.84185000,0.00000000,1.51488000,0.00000000,1.78257000,0.00000000,-1.87686000,0.00000000
374,0.84143000,0.00000000,1.47429000,0.00000000,1.80684000,0.00000000,-1.90408000,0.00000000
375,0.86308000,0.00000000,1.48885000,0.00000000,1.84693000,0.00000000,-1.92919000,0.00000000
376,0.88879000,0.00000000,1.47916000,0.00000000,1.84415000,0.00000000,-1.95559000,0.00000000
377,0.89291000,0.00000000,1.48139000,0.00000000,1.85907000,0.00000000,-1.97965000,0.00000000
378,0.90636000,0.00000000,1.47926000,0.00000000,1.86763000,0.00000000,-1.99773000,0.00000000
379,0.92137000,0.00000000,1.46434000,0.00000000,1.89165000,0.00000000,-2.01362000,0.00000000
380,0.94302000,0.00000000,1.43075000,0.00000000,1.89902000,0.00000000,-2.04534000,0.00000000
381,0.97351000,0.00000000,1.41866000,0.00000000,1.91230000,0.00000000,-2.06051000,0.00000000
382,0.99300000,0.00000000,1.40339000,0.00000000,1.92288000,0.00000000,-2.08173000,0.00000000
383,1.00601000,0.00000000,1.39837000,0.00000000,1.92779000,0.00000000,-2.09404000,0.00000000
384,1.01609000,0.00000000,1.36323000,0.00000000,1.91919000,0.00000000,-2.11223000,0.00000000
385,1.04550000,0.00000000,1.37356000,0.00000000,1.95276000,0.00000000,-2.13714000,0.00000000
386,1.07849000,0.00000000,1.37089000,0.00000000,1.95437000,0.00000000,-2.15697000,0.00000000
387,1.10396000,0.00000000,1.37652000,0.00000000,1.96663000,0.00000000,-2.17848000,0.00000000
388,1.13189000,0.00000000,1.36817000,0.00000000,1.97405000,0.00000000,-2.19371000,0.00000000
389,1.11935000,0.00000000,1.34635000,0.00000000,1.99207000,0.00000000,-2.20512000,0.00000000
390,1.13589000,0.00000000,1.32988000,0.00000000,1.98877000,0.00000000,-2.22567000,0.00000000
391,1.17546000,0.00000000,1.30417000,0.00000000,2.00786000,0.00000000,-2.25187000,0.00000000
392,1.19644000,0.00000000,1.29163000,0.00000000,2.01206000,0.00000000,-2.26861000,0.00000000
393,1.20148000,0.00000000,1.26858000,0.00000000,2.01011000,0.00000000,-2.29774000,0.00000000
394,1.24102000,0.00000000,1.26862000,0.00000000,2.01725000,0.00000000,-2.30776000,0.00000000
395,1.26532000,0.00000000,1.24791000,0.00000000,2.03899000,0.00000000,-2.32707000,0.00000000
396,1.29363000,0.00000000,1.19926000,0.00000000,2.06409000,0.00000000,-2.34670000,0.00000000
397,1.31010000,0.00000000,1.19659000,0.00000000,2.04809000,0.00000000,-2.36817000,0.00000000
398,1.31704000,0.00000000,1.19334000,0.00000000,2.05792000,0.00000000,-2.37847000,0.00000000
399,1.35067000,0.00000000,1.17323000,0.00000000,2.05696000,0.00000000,-2.40177000,0.00000000
400,1.37595000,0.00000000,1.13737000,0.00000000,2.05277000,0.00000000,-2.42468000,0.00000000
401,1.41039000,0.00000000,1.12884000,0.00000000,2.05023000,0.00000000,-2.44122000,0.00000000
402,1.44424000,0.00000000,1.09840000,0.00000000,2.04693000,0.00000000,-2.46526000,0.00000000
403,1.45154000,0.00000000,1.06633000,0.00000000,2.05798000,0.00000000,-2.48739000,0.00000000
404,1.47335000,0.00000000,1.01706000,0.00000000,2.07432000,0.00000000,-2.50886000,0.00000000
405,1.47357000,0.00000000,0.96344000,0.00000000,2.07716000,0.00000000,-2.53176000,0.00000000
406,1.47281000,0.00000000,0.96011000,0.00000000,2.07807000,0.00000000,-2.54779000,0.00000000
407,1.46770000,0.00000000,0.91042000,0.00000000,2.08861000,0.00000000,-2.56194000,0.00000000
408,1.48568000,0.00000000,0.89201000,0.00000000,2.09620000,0.00000000,-2.58067000,0.00000000
409,1.51197000,0.00000000,0.87047000,0.00000000,2.08973000,0.00000000,-2.61654000,0.00000000
410,1.52687000,0.00000000,0.85851000,0.00000000,2.10763000,0.00000000,-2.63950000,0.00000000
411,1.56671000,0.00000000,0.81805000,0.00000000,2.12722000,0.00000000,-2.66304000,0.00000000
412,1.59003000,0.00000000,0.75821000,0.00000000,2.11353000,0.00000000,-2.68443000,0.00000000
413,1.62183000,0.00000000,0.72275000,0.00000000,2.12961000,0.00000000,-2.70279000,0.00000000
414,1.65494000,0.00000000,0.70436000,0.00000000,2.13295000,0.00000000,-2.72500000,0.00000000
415,1.68296000,0.00000000,0.69017000,0.00000000,2.13600000,0.00000000,-2.74297000,0.00000000
416,1.70926000,0.00000000,0.67529000,0.00000000,2.12758000,0.00000000,-2.76273000,0.00000000
417,1.73319000,0.00000000,0.62382000,0.00000000,2.14671000,0.00000000,-2.78374000,0.00000000
418,1.75139000,0.00000000,0.60885000,0.00000000,2.17560000,0.00000000,-2.79610000,0.00000000
419,1.77344000,0.00000000,0.57325000,0.00000000,2.18254000,0.00000000,-2.81838000,0.00000000
420,1.78445000,0.00000000,0.55648000,0.00000000,2.20505000,0.00000000,-2.83799000,0.00000000
421,1.81929000,0.00000000,0.53486000,0.00000000,2.21850000,0.00000000,-2.85748000,0.00000000
422,1.82807000,0.00000000,0.51179000,0.00000000,2.21321000,0.00000000,-2.88297000,0.00000000
423,1.85568000,0.00000000,0.48678000,0.00000000,2.23177000,0.00000000,-2.90086000,0.00000000
424,1.88026000,0.00000000,0.42120000,0.00000000,2.25320000,0.00000000,-2.92003000,0.00000000
425,1.92230000,0.00000000,0.38600000,0.00000000,2.27138000,0.00000000,-2.93970000,0.00000000
426,1.94775000,0.00000000,0.37104000,0.00000000,2.27789000,0.00000000,-2.95339000,0.00000000
427,1.95290000,0.00000000,0.36030000,0.00000000,2.29413000,0.00000000,-2.97586000,0.00000000
428,1.95793000,0.00000000,0.36210000,0.00000000,2.29804000,0.00000000,-2.99103000,0.00000000
429,1.99261000,0.00000000,0.34742000,0.00000000,2.31630000,0.00000000,-3.00956000,0.00000000
430,2.01301000,0.00000000,0.30129000,0.00000000,2.33386000,0.00000000,-3.02854000,0.00000000
431,2.03105000,0.00000000,0.27550000,0.00000000,2.33991000,0.00000000,-3.05764000,0.00000000
432,2.05345000,0.00000000,0.23261000,0.00000000,2.34035000,0.00000000,-3.07155000,0.00000000
433,2.07531000,0.00000000,0.18110000,0.00000000,2.34960000,0.00000000,-3.08994000,0.00000000
434,2.11235000,0.00000000,0.15903000,0.00000000,2.32335000,0.00000000,-3.10770000,0.00000000
435,2.12430000,0.00000000,0.14548000,0.00000000,2.32822000,0.00000000,-3.12584000,0.00000000
436,2.14250000,0.00000000,0.11249000,0.00000000,2.34656000,0.00000000,-3.15032000,0.00000000
437,2.16651000,0.00000000,0.07494000,0.00000000,2.34977000,0.00000000,-3.16833000,0.00000000
438,2.19275000,0.00000000,0.04774000,0.00000000,2.35462000,0.00000000,-3.18459000,0.00000000
439,2.20845000,0.00000000,0.05314000,0.00000000,2.37242000,0.00000000,-3.19960000,0.00000000
440,2.23613000,0.00000000,0.01944000,0.00000000,2.37946000,0.00000000,-3.21965000,0.00000000
441,2.23986000,0.00000000,0.00022000,0.00000000,2.36798000,0.00000000,-3.23843000,0.00000000
442,2.26649000,0.00000000,-0.02054000,0.00000000,2.35905000,0.00000000,-3.26017000,0.00000000
443,2.30606000,0.00000000,-0.01635000,0.00000000,2.34916000,0.00000000,-3.28067000,0.00000000
444,2.32682000,0.00000000,-0.03631000,0.00000000,2.33053000,0.00000000,-3.30073000,0.00000000
445,2.36255000,0.00000000,-0.09738000,0.00000000,2.32192000,0.00000000,-3.31923000,0.00000000
446,2.39274000,0.00000000,-0.12985000,0.00000000,2.33177000,0.00000000,-3.34892000,0.00000000
447,2.39774000,0.00000000,-0.14515000,0.00000000,2.32364000,0.00000000,-3.35974000,0.00000000
448,2.41071000,0.00000000,-0.14736000,0.00000000,2.32231000,0.00000000,-3.37544000,0.00000000
449,2.42664000,0.00000000,-0.15072000,0.00000000,2.32073000,0.00000000,-3.39709000,0.00000000
450,2.45163000,0.00000000,-0.19396000,0.00000000,2.32436000,0.00000000,-3.41084000,0.00000000
451,2.48981000,0.00000000,-0.22984000,0.00000000,2.33924000,0.00000000,-3.42571000,0.00000000
452,2.49100000,0.00000000,-0.25799000,0.00000000,2.32640000,0.00000000,-3.43992000,0.00000000
453,2.50904000,0.00000000,-0.30785000,0.00000000,2.31601000,0.00000000,-3.45754000,0.00000000
454,2.52416000,0.00000000,-0.35061000,0.00000000,2.30263000,0.00000000,-3.47438000,0.00000000
455,2.54219000,0.00000000,-0.38664000,0.00000000,2.29592000,0.00000000,-3.48824000,0.00000000
456,2.56666000,0.00000000,-0.40765000,0.00000000,2.29359000,0.00000000,-3.50920000,0.00000000
457,2.57436000,0.00000000,-0.45150000,0.00000000,2.30116000,0.00000000,-3.53065000,0.00000000
458,2.61319000,0.00000000,-0.47615000,0.00000000,2.29394000,0.00000000,-3.55152000,0.00000000
459,2.62078000,0.00000000,-0.47937000,0.00000000,2.28704000,0.00000000,-3.56765000,0.00000000
460,2.64894000,0.00000000,-0.47002000,0.00000000,2.27079000,0.00000000,-3.58537000,0.00000000
461,2.66347000,0.00000000,-0.50412000,0.00000000,2.25667000,0.00000000,-3.60229000,0.00000000
462,2.67551000,0.00000000,-0.53345000,0.00000000,2.24695000,0.00000000,-3.61984000,0.00000000
463,2.68513000,0.00000000,-0.57023000,0.00000000,2.24552000,0.00000000,-3.62856000,0.00000000
464,2.70777000,0.00000000,-0.61318000,0.00000000,2.23815000,0.00000000,-3.65296000,0.00000000
465,2.73827000,0.00000000,-0.61247000,0.00000000,2.24040000,0.00000000,-3.67367000,0.00000000
466,2.75779000,0.00000000,-0.65032000,0.00000000,2.26025000,0.00000000,-3.68343000,0.00000000
467,2.76872000,0.00000000,-0.67129000,0.00000000,2.24817000,0.00000000,-3.70380000,0.00000000
468,2.80579000,0.00000000,-0.68264000,0.00000000,2.23620000,0.00000000,-3.72243000,0.00000000
469,2.81678000,0.00000000,-0.72443000,0.00000000,2.22816000,0.00000000,-3.72548000,0.00000000
470,2.82450000,0.00000000,-0.76427000,0.00000000,2.21078000,0.00000000,-3.73543000,0.00000000
471,2.81943000,0.00000000,-0.75211000,0.00000000,2.20373000,0.00000000,-3.74649000,0.00000000
472,2.83425000,0.00000000,-0.81080000,0.00000000,2.18319000,0.00000000,-3.76084000,0.00000000
473,2.84702000,0.00000000,-0.84258000,0.00000000,2.15512000,0.00000000,-3.76690000,0.00000000
474,2.83766000,0.00000000,-0.88169000,0.00000000,2.14740000,0.00000000,-3.78173000,0.00000000
475,2.83702000,0.00000000,-0.94845000,0.00000000,2.13017000,0.00000000,-3.80048000,0.00000000
476,2.84608000,0.00000000,-0.96893000,0.00000000,2.10340000,0.00000000,-3.81666000,0.00000000
477,2.87145000,0.00000000,-0.99216000,0.00000000,2.09855000,0.00000000,-3.83139000,0.00000000
478,2.90706000,0.00000000,-1.00929000,0.00000000,2.09080000,0.00000000,-3.84865000,0.00000000
479,2.92177000,0.00000000,-1.04371000,0.00000000,2.06286000,0.00000000,-3.85452000,0.00000000
480,2.93380000,0.00000000,-1.07283000,0.00000000,2.03474000,0.00000000,-3.86716000,0.00000000
481,2.94807000,0.00000000,-1.09157000,0.00000000,2.02599000,0.00000000,-3.87502000,0.00000000
482,2.95526000,0.00000000,-1.09090000,0.00000000,2.01925000,0.00000000,-3.88765000,0.00000000
483,2.94135000,0.00000000,-1.14077000,0.00000000,2.00362000,0.00000000,-3.89228000,0.00000000
484,2.95080000,0.00000000,-1.15926000,0.00000000,1.98812000,0.00000000,-3.90707000,0.00000000
485,2.97741000,0.00000000,-1.17817000,0.00000000,2.00195000,0.00000000,-3.91326000,0.00000000
486,3.00891000,0.00000000,-1.22827000,0.00000000,1.98322000,0.00000000,-3.92365000,0.00000000
487,3.02797000,0.00000000,-1.25908000,0.00000000,1.97505000,0.00000000,-3.93376000,0.00000000
488,3.05518000,0.00000000,-1.29111000,0.00000000,1.95371000,0.00000000,-3.94279000,0.00000000
489,3.08843000,0.00000000,-1.33624000,0.00000000,1.93984000,0.00000000,-3.95761000,0.00000000
490,3.09703000,0.00000000,-1.37374000,0.00000000,1.92218000,0.00000000,-3.96702000,0.00000000
491,3.11774000,0.00000000,-1.44682000,0.00000000,1.90477000,0.00000000,-3.97886000,0.00000000
492,3.13833000,0.00000000,-1.46200000,0.00000000,1.89389000,0.00000000,-3.99055000,0.00000000
493,3.14239000,0.00000000,-1.48930000,0.00000000,1.88835000,0.00000000,-4.00166000,0.00000000
494,3.15434000,0.00000000,-1.51826000,0.00000000,1.86706000,0.00000000,-4.00819000,0.00000000
495,3.15664000,0.00000000,-1.55641000,0.00000000,1.84348000,0.00000000,-4.02264000,0.00000000
496,3.17533000,0.00000000,-1.60417000,0.00000000,1.81953000,0.00000000,-4.03165000,0.00000000
497,3.17547000,0.00000000,-1.64487000,0.00000000,1.80059000,0.00000000,-4.03439000,0.00000000
498,3.19933000,0.00000000,-1.69287000,0.00000000,1.77420000,0.00000000,-4.04895000,0.00000000
499,3.19961000,0.00000000,-1.73303000,0.00000000,1.77951000,0.00000000,-4.06321000,0.00000000
500,3.20272000,0.00000000,-1.76809000,0.00000000,1.78249000,0.00000000,-4.06661000,0.00000000
501,3.23168000,0.00000000,-1.81878000,0.00000000,1.77023000,0.00000000,-4.06982000,0.00000000
502,3.24978000,0.00000000,-1.87310000,0.00000000,1.77322000,0.00000000,-4.07513000,0.00000000
503,3.27562000,0.00000000,-1.91051000,0.00000000,1.74644000,0.00000000,-4.09443000,0.00000000
504,3.29392000,0.00000000,-1.93640000,0.00000000,1.72082000,0.00000000,-4.10008000,0.00000000
505,3.27912000,0.00000000,-1.95994000,0.00000000,1.71514000,0.00000000,-4.10714000,0.00000000
506,3.28375000,0.00000000,-2.00000000,0.00000000,1.69586000,0.00000000,-4.11208000,0.00000000
507,3.30313000,0.00000000,-2.03066000,0.00000000,1.64373000,0.00000000,-4.12928000,0.00000000
508,3.30052000,0.00000000,-2.08631000,0.00000000,1.63452000,0.00000000,-4.13767000,0.00000000
509,3.31269000,0.00000000,-2.13679000,0.00000000,1.59181000,0.00000000,-4.14225000,0.00000000
510,3.31928000,0.00000000,-2.14824000,0.00000000,1.55534000,0.00000000,-4.14949000,0.00000000
511,3.31936000,0.00000000,-2.18110000,0.00000000,1.51259000,0.00000000,-4.15238000,0.00000000
512,3.33329000,0.00000000,-2.20462000,0.00000000,1.49924000,0.00000000,-4.16277000,0.00000000
513,3.32058000,0.00000000,-2.23883000,0.00000000,1.48916000,0.00000000,-4.16967000,0.00000000
514,3.32511000,0.00000000,-2.29593000,0.00000000,1.47874000,0.00000000,-4.16663000,0.00000000
515,3.35406000,0.00000000,-2.34274000,0.00000000,1.46442000,0.00000000,-4.17275000,0.00000000
516,3.34956000,0.00000000,-2.35288000,0.00000000,1.44063000,0.00000000,-4.18256000,0.00000000
517,3.35744000,0.00000000,-2.38481000,0.00000000,1.42142000,0.00000000,-4.19051000,0.00000000
518,3.35474000,0.00000000,-2.42664000,0.00000000,1.38461000,0.00000000,-4.18938000,0.00000000
519,3.37125000,0.00000000,-2.46916000,0.00000000,1.35499000,0.00000000,-4.19752000,0.00000000
520,3.35753000,0.00000000,-2.48446000,0.00000000,1.35574000,0.00000000,-4.19838000,0.00000000
521,3.37670000,0.00000000,-2.50928000,0.00000000,1.32003000,0.00000000,-4.20878000,0.00000000
522,3.36760000,0.00000000,-2.56177000,0.00000000,1.30504000,0.00000000,-4.20650000,0.00000000
523,3.37738000,0.00000000,-2.61368000,0.00000000,1.25302000,0.00000000,-4.21345000,0.00000000
524,3.37911000,0.00000000,-2.66166000,0.00000000,1.22024000,0.00000000,-4.21790000,0.00000000
525,3.38517000,0.00000000,-2.72740000,0.00000000,1.20565000,0.00000000,-4.22528000,0.00000000
526,3.41230000,0.00000000,-2.78409000,0.00000000,1.18964000,0.00000000,-4.21398000,0.00000000
527,3.41665000,0.00000000,-2.84994000,0.00000000,1.16258000,0.00000000,-4.21496000,0.00000000
528,3.41953000,0.00000000,-2.88759000,0.00000000,1.14689000,0.00000000,-4.22672000,0.00000000
529,3.42460000,0.00000000,-2.91713000,0.00000000,1.11577000,0.00000000,-4.22503000,0.00000000
530,3.44721000,0.00000000,-2.95856000,0.00000000,1.09627000,0.00000000,-4.23601000,0.00000000
531,3.44466000,0.00000000,-3.02137000,0.00000000,1.08158000,0.00000000,-4.24085000,0.00000000
532,3.44609000,0.00000000,-3.06637000,0.00000000,1.05311000,0.00000000,-4.23423000,0.00000000
533,3.44247000,0.00000000,-3.12071000,0.00000000,1.05075000,0.00000000,-4.24667000,0.00000000
534,3.42766000,0.00000000,-3.16622000,0.00000000,1.03711000,0.00000000,-4.24540000,0.00000000
535,3.43226000,0.00000000,-3.22016000,0.00000000,1.01190000,0.00000000,-4.24188000,0.00000000
536,3.43633000,0.00000000,-3.25654000,0.00000000,0.99740000,0.00000000,-4.23900000,0.00000000
537,3.43867000,0.00000000,-3.28570000,0.00000000,0.97428000,0.00000000,-4.23498000,0.00000000
538,3.44956000,0.00000000,-3.32029000,0.00000000,0.94099000,0.00000000,-4.23177000,0.00000000
539,3.44680000,0.00000000,-3.34837000,0.00000000,0.90365000,0.00000000,-4.22767000,0.00000000
540,3.43879000,0.00000000,-3.38329000,0.00000000,0.87094000,0.00000000,-4.22030000,0.00000000
541,3.43888000,0.00000000,-3.40429000,0.00000000,0.80927000,0.00000000,-4.22019000,0.00000000
542,3.42142000,0.00000000,-3.45122000,0.00000000,0.77625000,0.00000000,-4.20754000,0.00000000
543,3.39123000,0.00000000,-3.48584000,0.00000000,0.73306000,0.00000000,-4.19641000,0.00000000
544,3.38437000,0.00000000,-3.52995000,0.00000000,0.71670000,0.00000000,-4.19008000,0.00000000
545,3.38221000,0.00000000,-3.57288000,0.00000000,0.68220000,0.00000000,-4.19086000,0.00000000
546,3.36162000,0.00000000,-3.61699000,0.00000000,0.65294000,0.00000000,-4.18717000,0.00000000
547,3.35258000,0.00000000,-3.63523000,0.00000000,0.63454000,0.00000000,-4.18215000,0.00000000
548,3.34612000,0.00000000,-3.65146000,0.00000000,0.61498000,0.00000000,-4.17958000,0.00000000
549,3.35774000,0.00000000,-3.71534000,0.00000000,0.61260000,0.00000000,-4.17144000,0.00000000
550,3.33456000,0.00000000,-3.75091000,0.00000000,0.57246000,0.00000000,-4.16327000,0.00000000
551,3.32595000,0.00000000,-3.80184000,0.00000000,0.56930000,0.00000000,-4.16344000,0.00000000
552,3.33070000,0.00000000,-3.83028000,0.00000000,0.51942000,0.00000000,-4.15259000,0.00000000
553,3.32419000,0.00000000,-3.86845000,0.00000000,0.51740000,0.00000000,-4.13936000,0.00000000
554,3.30914000,0.00000000,-3.89280000,0.00000000,0.48754000,0.00000000,-4.13246000,0.00000000
555,3.30124000,0.00000000,-3.93221000,0.00000000,0.46246000,0.00000000,-4.12212000,0.00000000
556,3.28411000,0.00000000,-3.98440000,0.00000000,0.43881000,0.00000000,-4.10552000,0.00000000
557,3.28037000,0.00000000,-4.01180000,0.00000000,0.40372000,0.00000000,-4.09870000,0.00000000
558,3.25719000,0.00000000,-4.04302000,0.00000000,0.35493000,0.00000000,-4.08669000,0.00000000
559,3.25470000,0.00000000,-4.08403000,0.00000000,0.29754000,0.00000000,-4.07963000,0.00000000
560,3.24500000,0.00000000,-4.12123000,0.00000000,0.28546000,0.00000000,-4.06928000,0.00000000
561,3.21602000,0.00000000,-4.14717000,0.00000000,0.25524000,0.00000000,-4.04582000,0.00000000
562,3.18652000,0.00000000,-4.17931000,0.00000000,0.23580000,0.00000000,-4.03495000,0.00000000
563,3.18118000,0.00000000,-4.19745000,0.00000000,0.21009000,0.00000000,-4.02309000,0.00000000
564,3.15698000,0.00000000,-4.17606000,0.00000000,0.17794000,0.00000000,-4.02236000,0.00000000
565,3.13081000,0.00000000,-4.20340000,0.00000000,0.14843000,0.00000000,-4.01570000,0.00000000
566,3.12678000,0.00000000,-4.21923000,0.00000000,0.10971000,0.00000000,-3.99570000,0.00000000
567,3.11022000,0.00000000,-4.25840000,0.00000000,0.08520000,0.00000000,-3.98584000,0.00000000
568,3.10510000,0.00000000,-4.29610000,0.00000000,0.03726000,0.00000000,-3.97406000,0.00000000
569,3.07760000,0.00000000,-4.30674000,0.00000000,-0.01386000,0.00000000,-3.96123000,0.00000000
570,3.04207000,0.00000000,-4.33557000,0.00000000,-0.03718000,0.00000000,-3.94861000,0.00000000
571,3.01908000,0.00000000,-4.39470000,0.00000000,-0.08445000,0.00000000,-3.92721000,0.00000000
572,2.99652000,0.00000000,-4.41225000,0.00000000,-0.11821000,0.00000000,-3.90857000,0.00000000
573,2.97868000,0.00000000,-4.43114000,0.00000000,-0.14524000,0.00000000,-3.90113000,0.00000000
574,2.96422000,0.00000000,-4.47813000,0.00000000,-0.17761000,0.00000000,-3.87867000,0.00000000
575,2.94335000,0.00000000,-4.49658000,0.00000000,-0.22015000,0.00000000,-3.85364000,0.00000000
576,2.94098000,0.00000000,-4.53348000,0.00000000,-0.26232000,0.00000000,-3.84056000,0.00000000
577,2.91548000,0.00000000,-4.54048000,0.00000000,-0.28845000,0.00000000,-3.81531000,0.00000000
578,2.89915000,0.00000000,-4.59587000,0.00000000,-0.33383000,0.00000000,-3.80381000,0.00000000
579,2.89883000,0.00000000,-4.63791000,0.00000000,-0.36418000,0.00000000,-3.78448000,0.00000000
580,2.88894000,0.00000000,-4.66481000,0.00000000,-0.38909000,0.00000000,-3.76662000,0.00000000
581,2.86527000,0.00000000,-4.68737000,0.00000000,-0.41033000,0.00000000,-3.74931000,0.00000000
582,2.84634000,0.00000000,-4.69859000,0.00000000,-0.45408000,0.00000000,-3.73576000,0.00000000
583,2.80783000,0.00000000,-4.69393000,0.00000000,-0.50690000,0.00000000,-3.71032000,0.00000000
584,2.78472000,0.00000000,-4.69159000,0.00000000,-0.55320000,0.00000000,-3.68528000,0.00000000
585,2.73458000,0.00000000,-4.70840000,0.00000000,-0.58775000,0.00000000,-3.65948000,0.00000000
586,2.70195000,0.00000000,-4.73032000,0.00000000,-0.61842000,0.00000000,-3.64380000,0.00000000
587,2.66659000,0.00000000,-4.74946000,0.00000000,-0.65705000,0.00000000,-3.62670000,0.00000000
588,2.64524000,0.00000000,-4.75077000,0.00000000,-0.70465000,0.00000000,-3.60050000,0.00000000
589,2.59943000,0.00000000,-4.79978000,0.00000000,-0.74463000,0.00000000,-3.58175000,0.00000000
590,2.56136000,0.00000000,-4.82681000,0.00000000,-0.79379000,0.00000000,-3.56515000,0.00000000
591,2.52623000,0.00000000,-4.85309000,0.00000000,-0.82948000,0.00000000,-3.54810000,0.00000000
592,2.50267000,0.00000000,-4.85236000,0.00000000,-0.89679000,0.00000000,-3.52498000,0.00000000
593,2.46207000,0.00000000,-4.87117000,0.00000000,-0.93675000,0.00000000,-3.49466000,0.00000000
594,2.43450000,0.00000000,-4.91479000,0.00000000,-0.97220000,0.00000000,-3.46696000,0.00000000
595,2.40671000,0.00000000,-4.90622000,0.00000000,-1.01029000,0.00000000,-3.44664000,0.00000000
596,2.38330000,0.00000000,-4.90253000,0.00000000,-1.06113000,0.00000000,-3.42306000,0.00000000
597,2.35062000,0.00000000,-4.91174000,0.00000000,-1.12604000,0.00000000,-3.39599000,0.00000000
598,2.34574000,0.00000000,-4.92054000,0.00000000,-1.16272000,0.00000000,-3.36730000,0.00000000
599,2.31934000,0.00000000,-4.94701000,0.00000000,-1.20198000,0.00000000,-3.33471000,0.00000000
600,2.26676000,0.00000000,-4.95714000,0.00000000,-1.25570000,0.00000000,-3.31441000,0.00000000
601,2.22108000,0.00000000,-4.98372000,0.00000000,-1.30863000,0.00000000,-3.28965000,0.00000000
602,2.17953000,0.00000000,-5.00753000,0.00000000,-1.33746000,0.00000000,-3.26202000,0.00000000
603,2.15567000,0.00000000,-5.04119000,0.00000000,-1.38257000,0.00000000,-3.22511000,0.00000000
604,2.11283000,0.00000000,-5.06016000,0.00000000,-1.41535000,0.00000000,-3.19297000,0.00000000
605,2.10182000,0.00000000,-5.09358000,0.00000000,-1.45098000,0.00000000,-3.16352000,0.00000000
606,2.08726000,0.00000000,-5.10213000,0.00000000,-1.49588000,0.00000000,-3.13162000,0.00000000
607,2.05883000,0.00000000,-5.11880000,0.00000000,-1.53262000,0.00000000,-3.10057000,0.00000000
608,2.04301000,0.00000000,-5.12287000,0.00000000,-1.56257000,0.00000000,-3.06695000,0.00000000
609,1.99169000,0.00000000,-5.16094000,0.00000000,-1.61390000,0.00000000,-3.03003000,0.00000000
610,1.93854000,0.00000000,-5.20606000,0.00000000,-1.63999000,0.00000000,-3.00081000,0.00000000
611,1.90912000,0.00000000,-5.20379000,0.00000000,-1.67799000,0.00000000,-2.96876000,0.00000000
612,1.86108000,0.00000000,-5.20298000,0.00000000,-1.70431000,0.00000000,-2.94256000,0.00000000
613,1.82722000,0.00000000,-5.20567000,0.00000000,-1.74078000,0.00000000,-2.91124000,0.00000000
614,1.80611000,0.00000000,-5.21124000,0.00000000,-1.79184000,0.00000000,-2.88075000,0.00000000
615,1.75884000,0.00000000,-5.22927000,0.00000000,-1.83889000,0.00000000,-2.85758000,0.00000000
616,1.69700000,0.00000000,-5.23393000,0.00000000,-1.86476000,0.00000000,-2.82315000,0.00000000
617,1.66292000,0.00000000,-5.25521000,0.00000000,-1.91962000,0.00000000,-2.78225000,0.00000000
618,1.61766000,0.00000000,-5.29029000,0.00000000,-1.95248000,0.00000000,-2.74657000,0.00000000
619,1.57810000,0.00000000,-5.30049000,0.00000000,-1.97697000,0.00000000,-2.71284000,0.00000000
620,1.54162000,0.00000000,-5.31380000,0.00000000,-2.03095000,0.00000000,-2.67441000,0.00000000
621,1.50515000,0.00000000,-5.30536000,0.00000000,-2.06939000,0.00000000,-2.63390000,0.00000000
622,1.45911000,0.00000000,-5.29224000,0.00000000,-2.11069000,0.00000000,-2.60182000,0.00000000
623,1.41344000,0.00000000,-5.31576000,0.00000000,-2.15012000,0.00000000,-2.55881000,0.00000000
624,1.36454000,0.00000000,-5.33266000,0.00000000,-2.19232000,0.00000000,-2.52734000,0.00000000
625,1.32778000,0.00000000,-5.34308000,0.00000000,-2.25514000,0.00000000,-2.48445000,0.00000000
626,1.29336000,0.00000000,-5.34851000,0.00000000,-2.30722000,0.00000000,-2.43962000,0.00000000
627,1.26945000,0.00000000,-5.39049000,0.00000000,-2.33210000,0.00000000,-2.39849000,0.00000000
628,1.21840000,0.00000000,-5.38090000,0.00000000,-2.37901000,0.00000000,-2.35590000,0.00000000
629,1.16107000,0.00000000,-5.39119000,0.00000000,-2.41205000,0.00000000,-2.31468000,0.00000000
630,1.11440000,0.00000000,-5.39408000,0.00000000,-2.44782000,0.00000000,-2.28023000,0.00000000
631,1.06061000,0.00000000,-5.39715000,0.00000000,-2.51050000,0.00000000,-2.24751000,0.00000000
632,1.00427000,0.00000000,-5.38193000,0.00000000,-2.55061000,0.00000000,-2.19782000,0.00000000
633,0.95624000,0.00000000,-5.40147000,0.00000000,-2.59666000,0.00000000,-2.15516000,0.00000000
634,0.88683000,0.00000000,-5.42066000,0.00000000,-2.63593000,0.00000000,-2.10900000,0.00000000
635,0.83969000,0.00000000,-5.44673000,0.00000000,-2.68599000,0.00000000,-2.06572000,0.00000000
636,0.79347000,0.00000000,-5.43857000,0.00000000,-2.72134000,0.00000000,-2.02732000,0.00000000
637,0.73198000,0.00000000,-5.41545000,0.00000000,-2.76080000,0.00000000,-1.98145000,0.00000000
638,0.68659000,0.00000000,-5.39707000,0.00000000,-2.80136000,0.00000000,-1.93987000,0.00000000
639,0.64456000,0.00000000,-5.41534000,0.00000000,-2.82405000,0.00000000,-1.88815000,0.00000000
640,0.58836000,0.00000000,-5.41062000,0.00000000,-2.87533000,0.00000000,-1.84647000,0.00000000
641,0.52368000,0.00000000,-5.41806000,0.00000000,-2.91936000,0.00000000,-1.79037000,0.00000000
642,0.46169000,0.00000000,-5.40946000,0.00000000,-2.94678000,0.00000000,-1.74088000,0.00000000
643,0.42817000,0.00000000,-5.41048000,0.00000000,-2.99904000,0.00000000,-1.70061000,0.00000000
644,0.36152000,0.00000000,-5.43384000,0.00000000,-3.05091000,0.00000000,-1.65058000,0.00000000
645,0.31874000,0.00000000,-5.45789000,0.00000000,-3.10203000,0.00000000,-1.59671000,0.00000000
646,0.27977000,0.00000000,-5.45552000,0.00000000,-3.15725000,0.00000000,-1.54028000,0.00000000
647,0.22844000,0.00000000,-5.48477000,0.00000000,-3.21316000,0.00000000,-1.48975000,0.00000000
648,0.18960000,0.00000000,-5.48593000,0.00000000,-3.24636000,0.00000000,-1.43980000,0.00000000
649,0.12101000,0.00000000,-5.47940000,0.00000000,-3.27241000,0.00000000,-1.38338000,0.00000000
650,0.06968000,0.00000000,-5.45970000,0.00000000,-3.31158000,0.00000000,-1.32750000,0.00000000
651,0.00286000,0.00000000,-5.46720000,0.00000000,-3.35029000,0.00000000,-1.27413000,0.00000000
652,-0.05914000,0.00000000,-5.45596000,0.00000000,-3.41859000,0.00000000,-1.21196000,0.00000000
653,-0.10257000,0.00000000,-5.42952000,0.00000000,-3.45984000,0.00000000,-1.16618000,0.00000000
654,-0.15037000,0.00000000,-5.42734000,0.00000000,-3.50187000,0.00000000,-1.12293000,0.00000000
655,-0.21098000,0.00000000,-5.42251000,0.00000000,-3.55286000,0.00000000,-1.07276000,0.00000000
656,-0.27051000,0.00000000,-5.42823000,0.00000000,-3.61313000,0.00000000,-1.01976000,0.00000000
657,-0.33394000,0.00000000,-5.41780000,0.00000000,-3.67241000,0.00000000,-0.96546000,0.00000000
658,-0.39651000,0.00000000,-5.41341000,0.00000000,-3.70697000,0.00000000,-0.91524000,0.00000000
659,-0.45838000,0.00000000,-5.38348000,0.00000000,-3.77046000,0.00000000,-0.86885000,0.00000000
660,-0.52167000,0.00000000,-5.38561000,0.00000000,-3.82873000,0.00000000,-0.81852000,0.00000000
661,-0.56529000,0.00000000,-5.38810000,0.00000000,-3.87159000,0.00000000,-0.75087000,0.00000000
662,-0.63789000,0.00000000,-5.37767000,0.00000000,-3.93159000,0.00000000,-0.69428000,0.00000000
663,-0.71443000,0.00000000,-5.37202000,0.00000000,-3.97770000,0.00000000,-0.63246000,0.00000000
664,-0.78751000,0.00000000,-5.36109000,0.00000000,-4.05713000,0.00000000,-0.57972000,0.00000000
665,-0.84595000,0.00000000,-5.34062000,0.00000000,-4.08873000,0.00000000,-0.51916000,0.00000000
666,-0.91237000,0.00000000,-5.32340000,0.00000000,-4.11798000,0.00000000,-0.45337000,0.00000000
667,-0.98279000,0.00000000,-5.30301000,0.00000000,-4.17276000,0.00000000,-0.39797000,0.00000000
668,-1.08965000,0.00000000,-5.29747000,0.00000000,-4.21807000,0.00000000,-0.34495000,0.00000000
669,-1.12746000,0.00000000,-5.28902000,0.00000000,-4.26525000,0.00000000,-0.29423000,0.00000000
670,-1.18024000,0.00000000,-5.29332000,0.00000000,-4.31761000,0.00000000,-0.23529000,0.00000000
671,-1.24818000,0.00000000,-5.26339000,0.00000000,-4.38617000,0.00000000,-0.17556000,0.00000000
672,-1.30364000,0.00000000,-5.25447000,0.00000000,-4.42200000,0.00000000,-0.11730000,0.00000000
673,-1.38253000,0.00000000,-5.22546000,0.00000000,-4.47948000,0.00000000,-0.05321000,0.00000000
674,-1.45479000,0.00000000,-5.21735000,0.00000000,-4.52720000,0.00000000,0.00540000,0.00000000
675,-1.53141000,0.00000000,-5.19198000,0.00000000,-4.58862000,0.00000000,0.06709000,0.00000000
676,-1.60166000,0.00000000,-5.18661000,0.00000000,-4.64373000,0.00000000,0.12604000,0.00000000
677,-1.68296000,0.00000000,-5.19534000,0.00000000,-4.68169000,0.00000000,0.18983000,0.00000000
678,-1.74711000,0.00000000,-5.16815000,0.00000000,-4.72471000,0.00000000,0.26234000,0.00000000
679,-1.80953000,0.00000000,-5.14227000,0.00000000,-4.76622000,0.00000000,0.33257000,0.00000000
680,-1.88084000,0.00000000,-5.12785000,0.00000000,-4.80181000,0.00000000,0.40453000,0.00000000
681,-1.95233000,0.00000000,-5.09715000,0.00000000,-4.84532000,0.00000000,0.46654000,0.00000000
682,-2.03626000,0.00000000,-5.08779000,0.00000000,-4.90604000,0.00000000,0.53106000,0.00000000
683,-2.11930000,0.00000000,-5.04362000,0.00000000,-4.95599000,0.00000000,0.61154000,0.00000000
684,-2.17019000,0.00000000,-4.99699000,0.00000000,-4.99908000,0.00000000,0.67109000,0.00000000
685,-2.25526000,0.00000000,-4.98081000,0.00000000,-5.07547000,0.00000000,0.74383000,0.00000000
686,-2.32336000,0.00000000,-4.92654000,0.00000000,-5.12483000,0.00000000,0.81476000,0.00000000
687,-2.39529000,0.00000000,-4.89591000,0.00000000,-5.17002000,0.00000000,0.87317000,0.00000000
688,-2.44378000,0.00000000,-4.86219000,0.00000000,-5.20998000,0.00000000,0.94532000,0.00000000
689,-2.52686000,0.00000000,-4.84565000,0.00000000,-5.26295000,0.00000000,1.00262000,0.00000000
690,-2.60877000,0.00000000,-4.79088000,0.00000000,-5.31041000,0.00000000,1.06932000,0.00000000
691,-2.68194000,0.00000000,-4.74972000,0.00000000,-5.36501000,0.00000000,1.14079000,0.00000000
692,-2.76297000,0.00000000,-4.67415000,0.00000000,-5.40852000,0.00000000,1.21646000,0.00000000
693,-2.84832000,0.00000000,-4.64089000,0.00000000,-5.42191000,0.00000000,1.28025000,0.00000000
694,-2.93995000,0.00000000,-4.62240000,0.00000000,-5.47235000,0.00000000,1.34612000,0.00000000
695,-3.02026000,0.00000000,-4.61177000,0.00000000,-5.50578000,0.00000000,1.41089000,0.00000000
696,-3.09655000,0.00000000,-4.57914000,0.00000000,-5.55257000,0.00000000,1.47845000,0.00000000
697,-3.20132000,0.00000000,-4.54569000,0.00000000,-5.59237000,0.00000000,1.55798000,0.00000000
698,-3.29361000,0.00000000,-4.49771000,0.00000000,-5.62956000,0.00000000,1.63369000,0.00000000
699,-3.37120000,0.00000000,-4.42589000,0.00000000,-5.66866000,0.00000000,1.69730000,0.00000000
700,-3.43739000,0.00000000,-4.37648000,0.00000000,-5.70273000,0.00000000,1.76269000,0.00000000
701,-3.51136000,0.00000000,-4.35277000,0.00000000,-5.75206000,0.00000000,1.83241000,0.00000000
702,-3.60235000,0.00000000,-4.31213000,0.00000000,-5.79256000,0.00000000,1.89805000,0.00000000
703,-3.68603000,0.00000000,-4.30265000,0.00000000,-5.82077000,0.00000000,1.97093000,0.00000000
704,-3.76746000,0.00000000,-4.24266000,0.00000000,-5.86906000,0.00000000,2.03802000,0.00000000
705,-3.84325000,0.00000000,-4.18919000,0.00000000,-5.91739000,0.00000000,2.10642000,0.00000000
706,-3.91242000,0.00000000,-4.14794000,0.00000000,-5.95762000,0.00000000,2.18479000,0.00000000
707,-3.99912000,0.00000000,-4.09969000,0.00000000,-5.97762000,0.00000000,2.24376000,0.00000000
708,-4.07531000,0.00000000,-4.03418000,0.00000000,-6.01550000,0.00000000,2.31379000,0.00000000
709,-4.15398000,0.00000000,-3.97262000,0.00000000,-6.05407000,0.00000000,2.38662000,0.00000000
710,-4.25240000,0.00000000,-3.96652000,0.00000000,-6.07320000,0.00000000,2.45906000,0.00000000
711,-4.33901000,0.00000000,-3.93964000,0.00000000,-6.10926000,0.00000000,2.53410000,0.00000000
712,-4.42266000,0.00000000,-3.89792000,0.00000000,-6.14417000,0.00000000,2.60486000,0.00000000
713,-4.51871000,0.00000000,-3.84555000,0.00000000,-6.16886000,0.00000000,2.68343000,0.00000000
714,-4.59051000,0.00000000,-3.80827000,0.00000000,-6.21606000,0.00000000,2.75279000,0.00000000
715,-4.69051000,0.00000000,-3.74192000,0.00000000,-6.23637000,0.00000000,2.82123000,0.00000000
716,-4.77915000,0.00000000,-3.65598000,0.00000000,-6.27930000,0.00000000,2.89757000,0.00000000
717,-4.86188000,0.00000000,-3.56173000,0.00000000,-6.29199000,0.00000000,2.97727000,0.00000000
718,-4.96378000,0.00000000,-3.52745000,0.00000000,-6.32527000,0.00000000,3.04861000,0.00000000
719,-5.05307000,0.00000000,-3.47176000,0.00000000,-6.33680000,0.00000000,3.12306000,0.00000000
720,-5.12214000,0.00000000,-3.40256000,0.00000000,-6.36187000,0.00000000,3.19455000,0.00000000
721,-5.19909000,0.00000000,-3.33216000,0.00000000,-6.38551000,0.00000000,3.26858000,0.00000000
722,-5.30763000,0.00000000,-3.25764000,0.00000000,-6.42003000,0.00000000,3.35293000,0.00000000
723,-5.37302000,0.00000000,-3.18718000,0.00000000,-6.45072000,0.00000000,3.42767000,0.00000000
724,-5.46599000,0.00000000,-3.14589000,0.00000000,-6.48323000,0.00000000,3.50405000,0.00000000
725,-5.57153000,0.00000000,-3.08931000,0.00000000,-6.51367000,0.00000000,3.58067000,0.00000000
726,-5.67206000,0.00000000,-3.04659000,0.00000000,-6.56468000,0.00000000,3.65701000,0.00000000
727,-5.78055000,0.00000000,-2.98407000,0.00000000,-6.59679000,0.00000000,3.73274000,0.00000000
728,-5.86547000,0.00000000,-2.91403000,0.00000000,-6.61233000,0.00000000,3.80584000,0.00000000
729,-5.93801000,0.00000000,-2.83977000,0.00000000,-6.62685000,0.00000000,3.89428000,0.00000000
730,-6.01532000,0.00000000,-2.77059000,0.00000000,-6.63819000,0.00000000,3.97502000,0.00000000
731,-6.11252000,0.00000000,-2.68208000,0.00000000,-6.64569000,0.00000000,4.05108000,0.00000000
732,-6.19373000,0.00000000,-2.59298000,0.00000000,-6.68379000,0.00000000,4.12746000,0.00000000
733,-6.29859000,0.00000000,-2.50690000,0.00000000,-6.70673000,0.00000000,4.21276000,0.00000000
734,-6.40096000,0.00000000,-2.43078000,0.00000000,-6.72881000,0.00000000,4.28566000,0.00000000
735,-6.49414000,0.00000000,-2.33457000,0.00000000,-6.75592000,0.00000000,4.36312000,0.00000000
736,-6.59628000,0.00000000,-2.25696000,0.00000000,-6.77090000,0.00000000,4.44017000,0.00000000
737,-6.69660000,0.00000000,-2.17432000,0.00000000,-6.80525000,0.00000000,4.52108000,0.00000000
738,-6.79192000,0.00000000,-2.08909000,0.00000000,-6.83853000,0.00000000,4.59842000,0.00000000
739,-6.88173000,0.00000000,-2.00643000,0.00000000,-6.86597000,0.00000000,4.67588000,0.00000000
740,-6.96502000,0.00000000,-1.94372000,0.00000000,-6.88294000,0.00000000,4.74862000,0.00000000
741,-7.05951000,0.00000000,-1.86953000,0.00000000,-6.93025000,0.00000000,4.82657000,0.00000000
742,-7.16957000,0.00000000,-1.81072000,0.00000000,-6.98908000,0.00000000,4.89569000,0.00000000
743,-7.27906000,0.00000000,-1.72781000,0.00000000,-6.98535000,0.00000000,4.97208000,0.00000000
744,-7.36233000,0.00000000,-1.63258000,0.00000000,-6.99852000,0.00000000,5.05361000,0.00000000
745,-7.46369000,0.00000000,-1.56057000,0.00000000,-7.02637000,0.00000000,5.13218000,0.00000000
746,-7.55046000,0.00000000,-1.48825000,0.00000000,-7.04732000,0.00000000,5.20165000,0.00000000
747,-7.65879000,0.00000000,-1.41321000,0.00000000,-7.06185000,0.00000000,5.27350000,0.00000000
748,-7.76872000,0.00000000,-1.35095000,0.00000000,-7.07798000,0.00000000,5.35201000,0.00000000
749,-7.89714000,0.00000000,-1.27021000,0.00000000,-7.09171000,0.00000000,5.43600000,0.00000000
750,-7.99544000,0.00000000,-1.18234000,0.00000000,-7.10068000,0.00000000,5.50444000,0.00000000
751,-8.09782000,0.00000000,-1.10384000,0.00000000,-7.13112000,0.00000000,5.57768000,0.00000000
752,-8.21110000,0.00000000,-1.01497000,0.00000000,-7.12730000,0.00000000,5.65280000,0.00000000
753,-8.30146000,0.00000000,-0.91553000,0.00000000,-7.15122000,0.00000000,5.73473000,0.00000000
754,-8.40912000,0.00000000,-0.83929000,0.00000000,-7.18373000,0.00000000,5.80514000,0.00000000
755,-8.51322000,0.00000000,-0.75619000,0.00000000,-7.17617000,0.00000000,5.88331000,0.00000000
756,-8.58933000,0.00000000,-0.65663000,0.00000000,-7.17504000,0.00000000,5.96689000,0.00000000
757,-8.71210000,0.00000000,-0.58841000,0.00000000,-7.18549000,0.00000000,6.04154000,0.00000000
758,-8.80941000,0.00000000,-0.50439000,0.00000000,-7.18529000,0.00000000,6.11057000,0.00000000
759,-8.90450000,0.00000000,-0.40304000,0.00000000,-7.19020000,0.00000000,6.19101000,0.00000000
760,-9.01142000,0.00000000,-0.30965000,0.00000000,-7.19054000,0.00000000,6.27190000,0.00000000
761,-9.11936000,0.00000000,-0.22942000,0.00000000,-7.21465000,0.00000000,6.35284000,0.00000000
762,-9.21091000,0.00000000,-0.14832000,0.00000000,-7.23547000,0.00000000,6.43329000,0.00000000
763,-9.30442000,0.00000000,-0.06138000,0.00000000,-7.26693000,0.00000000,6.50926000,0.00000000
764,-9.40334000,0.00000000,0.01831000,0.00000000,-7.24211000,0.00000000,6.58574000,0.00000000
765,-9.50068000,0.00000000,0.09391000,0.00000000,-7.26643000,0.00000000,6.65189000,0.00000000
766,-9.59660000,0.00000000,0.21010000,0.00000000,-7.26771000,0.00000000,6.71941000,0.00000000
767,-9.68164000,0.00000000,0.28577000,0.00000000,-7.27477000,0.00000000,6.80057000,0.00000000
768,-9.75661000,0.00000000,0.40552000,0.00000000,-7.27813000,0.00000000,6.88231000,0.00000000
769,-9.86126000,1.00000000,0.49468000,0.00000000,-7.27458000,0.00000000,6.95888000,0.00000000
770,-9.94761000,0.00000000,0.59895000,0.00000000,-7.28699000,0.00000000,7.02358000,0.00000000
771,-10.00000000,0.00000000,0.71234000,0.00000000,-7.29717000,0.00000000,7.09641000,0.00000000
772,-10.00000000,0.00000000,0.81260000,0.00000000,-7.29460000,0.00000000,7.17349000,0.00000000
773,-10.00000000,0.00000000,0.93265000,0.00000000,-7.26455000,0.00000000,7.25156000,0.00000000
774,-9.99194000,0.00000000,1.04577000,0.00000000,-7.27247000,0.00000000,7.32460000,0.00000000
775,-9.99039000,0.00000000,1.14848000,0.00000000,-7.26608000,0.00000000,7.39294000,0.00000000
776,-9.99093000,0.00000000,1.23336000,0.00000000,-7.26577000,0.00000000,7.46197000,0.00000000
777,-10.00000000,0.00000000,1.35409000,0.00000000,-7.27322000,0.00000000,7.52150000,0.00000000
778,-10.00000000,0.00000000,1.46179000,0.00000000,-7.26596000,0.00000000,7.59780000,0.00000000
779,-10.00000000,1.00000000,1.54608000,0.00000000,-7.26983000,0.00000000,7.67000000,0.00000000
780,-9.99511000,0.00000000,1.63760000,0.00000000,-7.25828000,0.00000000,7.73920000,0.00000000
781,-9.97750000,0.00000000,1.77211000,0.00000000,-7.25569000,0.00000000,7.81191000,0.00000000
782,-9.98019000,0.00000000,1.89919000,0.00000000,-7.25066000,0.00000000,7.88287000,0.00000000
783,-9.98339000,0.00000000,2.00406000,0.00000000,-7.23126000,0.00000000,7.95737000,0.00000000
784,-9.98560000,0.00000000,2.10832000,0.00000000,-7.22375000,0.00000000,8.02574000,0.00000000
785,-9.98573000,0.00000000,2.23813000,0.00000000,-7.23760000,0.00000000,8.08607000,0.00000000
786,-9.98603000,0.00000000,2.32602000,0.00000000,-7.22734000,0.00000000,8.16555000,0.00000000
787,-9.96246000,0.00000000,2.42255000,0.00000000,-7.23445000,0.00000000,8.23518000,0.00000000
788,-9.94800000,0.00000000,2.54937000,0.00000000,-7.21727000,0.00000000,8.30683000,0.00000000
789,-9.96212000,1.00000000,2.66617000,0.00000000,-7.19395000,0.00000000,8.38233000,0.00000000
790,-9.95247000,0.00000000,2.73878000,0.00000000,-7.20034000,0.00000000,8.44478000,0.00000000
791,-9.97218000,0.00000000,2.86264000,0.00000000,-7.20138000,0.00000000,8.51135000,0.00000000
792,-9.98249000,0.00000000,2.97684000,0.00000000,-7.19238000,0.00000000,8.58375000,0.00000000
793,-9.99549000,0.00000000,3.09670000,0.00000000,-7.19238000,0.00000000,8.63729000,0.00000000
794,-10.00000000,0.00000000,3.21638000,0.00000000,-7.15510000,0.00000000,8.70248000,0.00000000
795,-10.00000000,0.00000000,3.34186000,0.00000000,-7.15500000,0.00000000,8.77011000,0.00000000
796,-9.99916000,0.00000000,3.46200000,0.00000000,-7.16134000,0.00000000,8.84690000,0.00000000
797,-10.00000000,0.00000000,3.58389000,0.00000000,-7.15232000,0.00000000,8.91485000,0.00000000
798,-9.99702000,0.00000000,3.72050000,0.00000000,-7.15078000,0.00000000,8.97094000,0.00000000
799,-10.00000000,1.00000000,3.83960000,0.00000000,-7.12693000,0.00000000,9.04008000,1.00000000
800,-9.97463000,0.00000000,3.97058000,0.00000000,-7.10827000,0.00000000,9.10169000,0.00000000
801,-9.96269000,0.00000000,4.08136000,0.00000000,-7.10112000,0.00000000,9.16158000,0.00000000
802,-9.99666000,0.00000000,4.18605000,0.00000000,-7.07374000,0.00000000,9.23108000,0.00000000
803,-9.99986000,0.00000000,4.33655000,0.00000000,-7.06177000,0.00000000,9.29208000,0.00000000
804,-9.99981000,0.00000000,4.44818000,0.00000000,-7.03922000,0.00000000,9.34608000,0.00000000
805,-9.99490000,0.00000000,4.57165000,0.00000000,-7.02249000,0.00000000,9.40555000,0.00000000
806,-9.98279000,0.00000000,4.70620000,0.00000000,-6.99677000,0.00000000,9.45996000,0.00000000
807,-9.99211000,0.00000000,4.81309000,0.00000000,-6.97207000,0.00000000,9.52115000,0.00000000
808,-9.99967000,0.00000000,4.92300000,0.00000000,-6.96133000,0.00000000,9.57870000,0.00000000
809,-9.99750000,1.00000000,5.03813000,0.00000000,-6.95182000,0.00000000,9.63912000,1.00000000
810,-9.99980000,0.00000000,5.15695000,0.00000000,-6.92075000,0.00000000,9.69248000,0.00000000
811,-10.00000000,0.00000000,5.27013000,0.00000000,-6.89805000,0.00000000,9.73619000,0.00000000
812,-10.00000000,0.00000000,5.39987000,0.00000000,-6.86832000,0.00000000,9.78782000,0.00000000
813,-9.99009000,0.00000000,5.53611000,0.00000000,-6.83526000,0.00000000,9.83092000,0.00000000
814,-9.99408000,0.00000000,5.65257000,0.00000000,-6.79584000,0.00000000,9.87733000,0.00000000
815,-9.99560000,0.00000000,5.79346000,0.00000000,-6.76690000,0.00000000,9.92067000,0.00000000
816,-10.00000000,0.00000000,5.92838000,0.00000000,-6.73099000,0.00000000,9.95698000,0.00000000
817,-9.98869000,0.00000000,6.04690000,0.00000000,-6.69238000,0.00000000,10.00000000,0.00000000
818,-9.98732000,0.00000000,6.15288000,0.00000000,-6.65363000,0.00000000,9.99718000,0.00000000
819,-10.00000000,1.00000000,6.25886000,0.00000000,-6.63007000,0.00000000,9.99775000,1.00000000
820,-10.00000000,0.00000000,6.37546000,0.00000000,-6.59932000,0.00000000,9.99070000,0.00000000
821,-9.99019000,0.00000000,6.45082000,0.00000000,-6.54441000,0.00000000,9.99436000,0.00000000
822,-9.99237000,0.00000000,6.58864000,0.00000000,-6.48942000,0.00000000,9.99549000,0.00000000
823,-9.98721000,0.00000000,6.72010000,0.00000000,-6.46097000,0.00000000,9.99109000,0.00000000
824,-9.98449000,0.00000000,6.86415000,0.00000000,-6.42441000,0.00000000,9.97897000,0.00000000
825,-9.99717000,0.00000000,6.96711000,0.00000000,-6.36928000,0.00000000,9.97183000,0.00000000
826,-9.98746000,0.00000000,7.07289000,0.00000000,-6.31032000,0.00000000,9.95928000,0.00000000
827,-9.97353000,0.00000000,7.19607000,0.00000000,-6.28236000,0.00000000,9.94430000,0.00000000
828,-9.98136000,0.00000000,7.34461000,0.00000000,-6.23074000,0.00000000,9.93528000,0.00000000
829,-9.98172000,1.00000000,7.47306000,0.00000000,-6.19962000,0.00000000,9.92735000,1.00000000
830,-10.00000000,0.00000000,7.61520000,0.00000000,-6.18386000,0.00000000,9.91029000,0.00000000
831,-10.00000000,0.00000000,7.74273000,0.00000000,-6.14455000,0.00000000,9.89880000,0.00000000
832,-10.00000000,0.00000000,7.88114000,0.00000000,-6.11568000,0.00000000,9.88228000,0.00000000
833,-10.00000000,0.00000000,8.00165000,0.00000000,-6.07113000,0.00000000,9.87200000,0.00000000
834,-9.99382000,0.00000000,8.08656000,0.00000000,-6.02674000,0.00000000,9.86544000,0.00000000
835,-10.00000000,0.00000000,8.20620000,0.00000000,-5.98933000,0.00000000,9.85282000,0.00000000
836,-9.98366000,0.00000000,8.34324000,0.00000000,-5.93803000,0.00000000,9.84306000,0.00000000
837,-9.99619000,0.00000000,8.46263000,0.00000000,-5.87932000,0.00000000,9.82293000,0.00000000
838,-10.00000000,0.00000000,8.59202000,0.00000000,-5.82547000,0.00000000,9.80521000,0.00000000
839,-9.99555000,1.00000000,8.72507000,0.00000000,-5.76521000,0.00000000,9.77652000,1.00000000
840,-9.97935000,0.00000000,8.83996000,0.00000000,-5.72494000,0.00000000,9.76627000,0.00000000
841,-10.00000000,0.00000000,8.95079000,0.00000000,-5.67916000,0.00000000,9.75381000,0.00000000
842,-10.00000000,0.00000000,9.05795000,0.00000000,-5.63529000,0.00000000,9.72826000,0.00000000
843,-10.00000000,0.00000000,9.18051000,0.00000000,-5.57100000,0.00000000,9.70627000,0.00000000
844,-9.99417000,0.00000000,9.31691000,0.00000000,-5.52349000,0.00000000,9.69300000,0.00000000
845,-10.00000000,0.00000000,9.44126000,0.00000000,-5.47999000,0.00000000,9.66633000,0.00000000
846,-9.99628000,0.00000000,9.60609000,0.00000000,-5.43660000,0.00000000,9.64465000,0.00000000
847,-9.96795000,0.00000000,9.73161000,0.00000000,-5.38278000,0.00000000,9.62761000,0.00000000
848,-9.97869000,0.00000000,9.88247000,0.00000000,-5.33626000,0.00000000,9.60244000,0.00000000
849,-9.98531000,1.00000000,10.00000000,1.00000000,-5.29054000,0.00000000,9.58430000,1.00000000
850,-9.98671000,0.00000000,10.00000000,0.00000000,-5.22715000,0.00000000,9.54782000,0.00000000
851,-9.98354000,0.00000000,10.00000000,0.00000000,-5.17621000,0.00000000,9.52707000,0.00000000
852,-9.98211000,0.00000000,10.00000000,0.00000000,-5.11273000,0.00000000,9.50669000,0.00000000
853,-9.99239000,0.00000000,10.00000000,0.00000000,-5.04482000,0.00000000,9.48645000,0.00000000
854,-10.00000000,0.00000000,10.00000000,0.00000000,-4.99118000,0.00000000,9.47481000,0.00000000
855,-10.00000000,0.00000000,9.96734000,0.00000000,-4.94522000,0.00000000,9.44935000,0.00000000
856,-10.00000000,0.00000000,9.98621000,0.00000000,-4.87524000,0.00000000,9.43322000,0.00000000
857,-10.00000000,0.00000000,9.98537000,0.00000000,-4.79399000,0.00000000,9.41276000,0.00000000
858,-9.99188000,0.00000000,10.00000000,0.00000000,-4.72568000,0.00000000,9.39617000,0.00000000
859,-9.99894000,1.00000000,9.99979000,1.00000000,-4.64937000,0.00000000,9.37848000,1.00000000
860,-9.97579000,0.00000000,9.98929000,0.00000000,-4.57057000,0.00000000,9.36041000,0.00000000
861,-9.96421000,0.00000000,9.98085000,0.00000000,-4.49244000,0.00000000,9.34432000,0.00000000
862,-9.94919000,0.00000000,9.99663000,0.00000000,-4.42105000,0.00000000,9.32635000,0.00000000
863,-9.96855000,0.00000000,10.00000000,0.00000000,-4.36043000,0.00000000,9.29512000,0.00000000
864,-9.97090000,0.00000000,9.98596000,0.00000000,-4.28935000,0.00000000,9.26906000,0.00000000
865,-9.97397000,0.00000000,9.98610000,0.00000000,-4.22580000,0.00000000,9.24273000,0.00000000
866,-9.97597000,0.00000000,9.98098000,0.00000000,-4.15866000,0.00000000,9.22053000,0.00000000
867,-9.97803000,0.00000000,9.99573000,0.00000000,-4.08798000,0.00000000,9.19253000,0.00000000
868,-9.98275000,0.00000000,9.98385000,0.00000000,-4.01033000,0.00000000,9.16522000,0.00000000
869,-9.99333000,1.00000000,9.98579000,1.00000000,-3.93269000,0.00000000,9.14048000,1.00000000
870,-10.00000000,0.00000000,10.00000000,0.00000000,-3.85261000,0.00000000,9.11379000,0.00000000
871,-9.97831000,0.00000000,9.99166000,0.00000000,-3.75686000,0.00000000,9.08716000,0.00000000
872,-9.97517000,0.00000000,9.97024000,0.00000000,-3.68391000,0.00000000,9.06066000,0.00000000
873,-9.97578000,0.00000000,9.97645000,0.00000000,-3.60897000,0.00000000,9.02460000,0.00000000
874,-9.98706000,0.00000000,9.97350000,0.00000000,-3.52841000,0.00000000,8.99780000,0.00000000
875,-9.98443000,0.00000000,9.99306000,0.00000000,-3.45075000,0.00000000,8.97647000,0.00000000
876,-9.99859000,0.00000000,10.00000000,0.00000000,-3.35829000,0.00000000,8.94994000,0.00000000
877,-9.98129000,0.00000000,10.00000000,0.00000000,-3.26825000,0.00000000,8.92841000,0.00000000
878,-10.00000000,0.00000000,10.00000000,0.00000000,-3.15449000,0.00000000,8.90440000,0.00000000
879,-10.00000000,1.00000000,10.00000000,1.00000000,-3.05248000,0.00000000,8.89152000,0.00000000
880,-9.99321000,0.00000000,9.99926000,0.00000000,-2.96300000,0.00000000,8.87697000,0.00000000
881,-10.00000000,0.00000000,9.99782000,0.00000000,-2.88018000,0.00000000,8.85845000,0.00000000
882,-10.00000000,0.00000000,9.99637000,0.00000000,-2.77824000,0.00000000,8.84055000,0.00000000
883,-10.00000000,0.00000000,9.99492000,0.00000000,-2.67991000,0.00000000,8.81551000,0.00000000
884,-9.99063000,0.00000000,9.96791000,0.00000000,-2.56949000,0.00000000,8.79904000,0.00000000
885,-10.00000000,0.00000000,9.98685000,0.00000000,-2.48585000,0.00000000,8.79053000,0.00000000
886,-10.00000000,0.00000000,9.97156000,0.00000000,-2.40602000,0.00000000,8.77426000,0.00000000
887,-10.00000000,0.00000000,9.95468000,0.00000000,-2.32985000,0.00000000,8.76038000,0.00000000
888,-9.99236000,0.00000000,9.93300000,0.00000000,-2.26015000,0.00000000,8.74034000,0.00000000
889,-10.00000000,1.00000000,9.92996000,1.00000000,-2.20015000,0.00000000,8.72348000,0.00000000
890,-10.00000000,0.00000000,9.91274000,0.00000000,-2.11800000,0.00000000,8.71504000,0.00000000
891,-10.00000000,0.00000000,9.90738000,0.00000000,-2.02391000,0.00000000,8.70204000,0.00000000
892,-9.99389000,0.00000000,9.90126000,0.00000000,-1.92785000,0.00000000,8.69626000,0.00000000
893,-10.00000000,0.00000000,9.90604000,0.00000000,-1.82811000,0.00000000,8.68655000,0.00000000
894,-10.00000000,0.00000000,9.87405000,0.00000000,-1.72599000,0.00000000,8.67808000,0.00000000
895,-10.00000000,0.00000000,9.85080000,0.00000000,-1.63715000,0.00000000,8.66643000,0.00000000
896,-9.99987000,0.00000000,9.85091000,0.00000000,-1.53629000,0.00000000,8.66058000,0.00000000
897,-9.99974000,0.00000000,9.79730000,0.00000000,-1.45099000,0.00000000,8.64827000,0.00000000
898,-9.99821000,0.00000000,9.78656000,0.00000000,-1.34659000,0.00000000,8.62886000,0.00000000
899,-10.00000000,1.00000000,9.77873000,1.00000000,-1.25546000,0.00000000,8.62567000,0.00000000
900,-9.96241000,0.00000000,9.75627000,0.00000000,-1.13572000,0.00000000,8.61421000,0.00000000
901,-9.94174000,0.00000000,9.75563000,0.00000000,-1.00667000,0.00000000,8.61276000,0.00000000
902,-9.94873000,0.00000000,9.76219000,0.00000000,-0.90542000,0.00000000,8.60403000,0.00000000
903,-9.95505000,0.00000000,9.75900000,0.00000000,-0.80538000,0.00000000,8.59986000,0.00000000
904,-9.94826000,0.00000000,9.72414000,0.00000000,-0.69362000,0.00000000,8.59821000,0.00000000
905,-9.93713000,0.00000000,9.70571000,0.00000000,-0.57958000,0.00000000,8.60260000,0.00000000
906,-9.95308000,0.00000000,9.67038000,0.00000000,-0.48158000,0.00000000,8.60342000,0.00000000
907,-9.97423000,0.00000000,9.65096000,0.00000000,-0.38220000,0.00000000,8.61478000,0.00000000
908,-9.98734000,0.00000000,9.64157000,0.00000000,-0.27104000,0.00000000,8.61475000,0.00000000
909,-10.00000000,1.00000000,9.62634000,1.00000000,-0.17321000,0.00000000,8.62092000,0.00000000
910,-9.99010000,0.00000000,9.60777000,0.00000000,-0.05868000,0.00000000,8.62280000,0.00000000
911,-10.00000000,0.00000000,9.59118000,0.00000000,0.05099000,0.00000000,8.61839000,0.00000000
912,-10.00000000,0.00000000,9.55275000,0.00000000,0.14857000,0.00000000,8.61383000,0.00000000
913,-10.00000000,0.00000000,9.49661000,0.00000000,0.24718000,0.00000000,8.63177000,0.00000000
914,-10.00000000,0.00000000,9.46388000,0.00000000,0.35011000,0.00000000,8.63899000,0.00000000
915,-9.99479000,0.00000000,9.47315000,0.00000000,0.44556000,0.00000000,8.64789000,0.00000000
916,-10.00000000,0.00000000,9.43539000,0.00000000,0.54654000,0.00000000,8.66106000,0.00000000
917,-9.99786000,0.00000000,9.41704000,0.00000000,0.67575000,0.00000000,8.67099000,0.00000000
918,-10.00000000,0.00000000,9.39728000,0.00000000,0.77240000,0.00000000,8.68308000,0.00000000
919,-9.97922000,1.00000000,9.39218000,1.00000000,0.87859000,0.00000000,8.68986000,0.00000000
920,-9.96428000,0.00000000,9.38391000,0.00000000,0.97766000,0.00000000,8.70050000,0.00000000
921,-9.96828000,0.00000000,9.38735000,0.00000000,1.08834000,0.00000000,8.70651000,0.00000000
922,-9.97700000,0.00000000,9.35467000,0.00000000,1.19866000,0.00000000,8.71421000,0.00000000
923,-9.98425000,0.00000000,9.36527000,0.00000000,1.30921000,0.00000000,8.73021000,0.00000000
924,-9.99771000,0.00000000,9.35939000,0.00000000,1.41137000,0.00000000,8.73870000,0.00000000
925,-10.00000000,0.00000000,9.33710000,0.00000000,1.54034000,0.00000000,8.75744000,0.00000000
926,-10.00000000,0.00000000,9.28295000,0.00000000,1.65582000,0.00000000,8.76060000,0.00000000
927,-10.00000000,0.00000000,9.28741000,0.00000000,1.74416000,0.00000000,8.77843000,0.00000000
928,-9.97845000,0.00000000,9.25643000,0.00000000,1.84342000,0.00000000,8.78839000,0.00000000
929,-9.97025000,1.00000000,9.22854000,1.00000000,1.96271000,0.00000000,8.80035000,0.00000000
930,-9.95601000,0.00000000,9.17831000,0.00000000,2.06903000,0.00000000,8.81351000,0.00000000
931,-9.96684000,0.00000000,9.15485000,0.00000000,2.19621000,0.00000000,8.83085000,0.00000000
932,-9.96464000,0.00000000,9.11909000,0.00000000,2.31651000,0.00000000,8.84609000,0.00000000
933,-9.99282000,0.00000000,9.10037000,0.00000000,2.44704000,0.00000000,8.86632000,0.00000000
934,-9.99188000,0.00000000,9.07445000,0.00000000,2.54882000,0.00000000,8.87800000,0.00000000
935,-10.00000000,0.00000000,8.99416000,0.00000000,2.65226000,0.00000000,8.90182000,0.00000000
936,-10.00000000,0.00000000,8.97608000,0.00000000,2.75080000,0.00000000,8.92463000,0.00000000
937,-9.98575000,0.00000000,8.95323000,0.00000000,2.86480000,0.00000000,8.94023000,0.00000000
938,-10.00000000,0.00000000,8.91982000,0.00000000,2.97974000,0.00000000,8.95900000,0.00000000
939,-9.96292000,1.00000000,8.89189000,0.00000000,3.10421000,0.00000000,8.98052000,0.00000000
940,-9.98209000,0.00000000,8.85333000,0.00000000,3.21122000,0.00000000,9.00084000,0.00000000
941,-10.00000000,0.00000000,8.79301000,0.00000000,3.34214000,0.00000000,9.02238000,0.00000000
942,-10.00000000,0.00000000,8.75618000,0.00000000,3.43780000,0.00000000,9.04303000,0.00000000
943,-9.98972000,0.00000000,8.72040000,0.00000000,3.56592000,0.00000000,9.06607000,0.00000000
944,-9.98889000,0.00000000,8.68247000,0.00000000,3.68711000,0.00000000,9.08436000,0.00000000
945,-9.97376000,0.00000000,8.64297000,0.00000000,3.81942000,0.00000000,9.10432000,0.00000000
946,-9.96302000,0.00000000,8.58384000,0.00000000,3.92456000,0.00000000,9.12944000,0.00000000
947,-9.98737000,0.00000000,8.52668000,0.00000000,4.02764000,0.00000000,9.14199000,0.00000000
948,-9.98460000,0.00000000,8.49662000,0.00000000,4.13954000,0.00000000,9.16193000,0.00000000
949,-9.99457000,1.00000000,8.45707000,0.00000000,4.26765000,0.00000000,9.17808000,1.00000000
950,-10.00000000,0.00000000,8.40959000,0.00000000,4.39381000,0.00000000,9.19195000,0.00000000
951,-9.99967000,0.00000000,8.37620000,0.00000000,4.50525000,0.00000000,9.20594000,0.00000000
952,-9.99342000,0.00000000,8.31256000,0.00000000,4.64002000,0.00000000,9.21782000,0.00000000
953,-9.99398000,0.00000000,8.27863000,0.00000000,4.75812000,0.00000000,9.24296000,0.00000000
954,-9.99180000,0.00000000,8.25578000,0.00000000,4.86028000,0.00000000,9.24971000,0.00000000
955,-9.99655000,0.00000000,8.21721000,0.00000000,4.98780000,0.00000000,9.26318000,0.00000000
956,-9.99620000,0.00000000,8.18491000,0.00000000,5.11465000,0.00000000,9.27474000,0.00000000
957,-9.98358000,0.00000000,8.16736000,0.00000000,5.25561000,0.00000000,9.29041000,0.00000000
958,-9.98106000,0.00000000,8.13709000,0.00000000,5.38137000,0.00000000,9.30259000,0.00000000
959,-9.99401000,1.00000000,8.08666000,0.00000000,5.52927000,0.00000000,9.30940000,1.00000000
960,-9.98584000,0.00000000,8.03569000,0.00000000,5.65440000,0.00000000,9.31734000,0.00000000
961,-9.98294000,0.00000000,7.98976000,0.00000000,5.77609000,0.00000000,9.33768000,0.00000000
962,-9.99171000,0.00000000,7.96756000,0.00000000,5.90735000,0.00000000,9.34582000,0.00000000
963,-9.97355000,0.00000000,7.96599000,0.00000000,6.02861000,0.00000000,9.35542000,0.00000000
964,-9.96637000,0.00000000,7.92416000,0.00000000,6.13731000,0.00000000,9.36256000,0.00000000
965,-9.96847000,0.00000000,7.86634000,0.00000000,6.27289000,0.00000000,9.37543000,0.00000000
966,-9.97312000,0.00000000,7.82223000,0.00000000,6.39315000,0.00000000,9.39812000,0.00000000
967,-9.94550000,0.00000000,7.77335000,0.00000000,6.52259000,0.00000000,9.41722000,0.00000000
968,-9.94762000,0.00000000,7.71887000,0.00000000,6.64748000,0.00000000,9.43057000,0.00000000
969,-9.92793000,1.00000000,7.66669000,0.00000000,6.77134000,0.00000000,9.45747000,1.00000000
970,-9.93815000,0.00000000,7.65368000,0.00000000,6.88947000,0.00000000,9.48417000,0.00000000
971,-9.93198000,0.00000000,7.63216000,0.00000000,7.02797000,0.00000000,9.49851000,0.00000000
972,-9.94188000,0.00000000,7.58408000,0.00000000,7.16439000,0.00000000,9.52619000,0.00000000
973,-9.95139000,0.00000000,7.51088000,0.00000000,7.32031000,0.00000000,9.54176000,0.00000000
974,-9.98166000,0.00000000,7.48411000,0.00000000,7.45192000,0.00000000,9.55920000,0.00000000
975,-9.96191000,0.00000000,7.43070000,0.00000000,7.58319000,0.00000000,9.57668000,0.00000000
976,-9.97687000,0.00000000,7.37170000,0.00000000,7.70120000,0.00000000,9.58517000,0.00000000
977,-9.97531000,0.00000000,7.31572000,0.00000000,7.82461000,0.00000000,9.59411000,0.00000000
978,-9.97771000,0.00000000,7.26015000,0.00000000,7.94961000,0.00000000,9.60391000,0.00000000
979,-9.96231000,1.00000000,7.20706000,0.00000000,8.08466000,0.00000000,9.62787000,1.00000000
980,-9.94476000,0.00000000,7.16265000,0.00000000,8.19556000,0.00000000,9.63456000,0.00000000
981,-9.94423000,0.00000000,7.09492000,0.00000000,8.32750000,0.00000000,9.64279000,0.00000000
982,-9.94843000,0.00000000,7.07936000,0.00000000,8.44905000,0.00000000,9.66347000,0.00000000
983,-9.94537000,0.00000000,7.02880000,0.00000000,8.58466000,0.00000000,9.68455000,0.00000000
984,-9.95194000,0.00000000,6.97511000,0.00000000,8.70331000,0.00000000,9.70682000,0.00000000
985,-9.95521000,0.00000000,6.94662000,0.00000000,8.81342000,0.00000000,9.72265000,0.00000000
986,-9.93890000,0.00000000,6.90236000,0.00000000,8.93093000,0.00000000,9.73339000,0.00000000
987,-9.94168000,0.00000000,6.84257000,0.00000000,9.05528000,0.00000000,9.75169000,0.00000000
988,-9.93355000,0.00000000,6.81907000,0.00000000,9.18474000,0.00000000,9.77305000,0.00000000
989,-9.93880000,1.00000000,6.76618000,0.00000000,9.31019000,1.00000000,9.79353000,1.00000000
990,-9.96952000,0.00000000,6.71453000,0.00000000,9.45365000,0.00000000,9.80837000,0.00000000
991,-9.98348000,0.00000000,6.68434000,0.00000000,9.59210000,0.00000000,9.82692000,0.00000000
992,-10.00000000,0.00000000,6.61347000,0.00000000,9.71731000,0.00000000,9.84934000,0.00000000
993,-9.98194000,0.00000000,6.57713000,0.00000000,9.86140000,0.00000000,9.86229000,0.00000000
994,-9.97904000,0.00000000,6.53509000,0.00000000,9.99943000,0.00000000,9.87951000,0.00000000
995,-9.95906000,0.00000000,6.46732000,0.00000000,10.00000000,0.00000000,9.88652000,0.00000000
996,-9.96473000,0.00000000,6.41111000,0.00000000,9.99318000,0.00000000,9.89791000,0.00000000
997,-9.97280000,0.00000000,6.34306000,0.00000000,10.00000000,0.00000000,9.90484000,0.00000000
998,-9.97035000,0.00000000,6.26940000,0.00000000,9.98448000,0.00000000,9.90342000,0.00000000
999,-9.97313000,1.00000000,6.19966000,0.00000000,9.98630000,1.00000000,9.91455000,1.00000000
